        5	2016-11-15 07:07:29	1	255	1	0
        4	2016-11-15 07:07:35	1	255	1	0
        2	2016-11-15 07:38:54	1	255	1	0
        6	2016-11-15 07:58:26	1	255	1	0
        1	2016-11-15 08:28:40	1	255	1	0
        3	2016-11-15 12:34:36	1	255	1	0
        4	2016-11-15 17:04:49	1	255	1	0
        1	2016-11-16 02:23:19	1	255	1	0
        3	2016-11-16 02:23:26	1	255	1	0
        6	2016-11-16 02:23:34	1	255	1	0
        5	2016-11-16 02:23:39	1	255	1	0
        4	2016-11-16 06:51:52	1	255	1	0
        1	2016-11-16 12:43:40	1	255	1	0
        6	2016-11-16 13:58:36	1	255	1	0
        7	2016-11-16 14:09:02	1	255	1	0
        1	2016-11-16 19:49:11	1	255	1	0
        4	2016-11-16 21:58:30	1	255	1	0
        6	2016-11-16 21:58:43	1	255	1	0
        1	2016-11-17 07:23:58	1	255	1	0
        5	2016-11-17 07:49:59	1	255	1	0
        4	2016-11-17 07:50:04	1	255	1	0
        2	2016-11-17 08:02:06	1	255	1	0
        3	2016-11-17 08:07:44	1	255	1	0
        7	2016-11-17 08:45:13	1	255	1	0
        6	2016-11-17 09:18:41	1	255	1	0
        5	2016-11-17 19:47:32	1	255	1	0
        4	2016-11-17 19:47:40	1	255	1	0
        1	2016-11-17 22:18:05	1	255	1	0
        3	2016-11-17 22:18:11	1	255	1	0
        6	2016-11-17 22:18:17	1	255	1	0
        5	2016-11-18 07:22:02	1	255	1	0
        4	2016-11-18 07:22:35	1	255	1	0
        1	2016-11-18 07:31:20	1	255	1	0
        3	2016-11-18 07:34:45	1	255	1	0
        2	2016-11-18 08:00:53	1	255	1	0
        6	2016-11-18 12:14:59	1	255	1	0
        3	2016-11-18 16:07:41	1	255	1	0
        6	2016-11-18 18:47:22	1	255	1	0
        1	2016-11-18 22:57:29	1	255	1	0
        4	2016-11-19 06:41:57	1	255	1	0
        1	2016-11-19 10:13:33	1	255	1	0
        1	2016-11-19 11:35:32	1	255	1	0
        1	2016-11-19 13:33:26	1	255	1	0
        1	2016-11-19 14:04:46	1	255	1	0
        4	2016-11-19 16:51:05	1	255	1	0
        4	2016-11-20 06:52:28	1	255	1	0
        3	2016-11-20 08:51:16	1	255	1	0
        4	2016-11-20 16:52:40	1	255	1	0
        3	2016-11-20 16:52:47	1	255	1	0
        5	2016-11-21 07:11:28	1	255	1	0
        4	2016-11-21 07:11:32	1	255	1	0
        2	2016-11-21 07:44:49	1	255	1	0
        6	2016-11-21 07:48:51	1	255	1	0
        7	2016-11-21 07:50:16	1	255	1	0
        1	2016-11-21 13:19:25	1	255	1	0
        4	2016-11-21 16:17:14	1	255	1	0
        6	2016-11-21 18:38:10	1	255	1	0
        3	2016-11-21 18:38:31	1	255	1	0
        1	2016-11-21 18:38:47	1	255	1	0
        5	2016-11-22 07:09:42	1	255	1	0
        4	2016-11-22 07:09:54	1	255	1	0
        1	2016-11-22 07:19:17	1	255	1	0
        2	2016-11-22 07:43:49	1	255	1	0
        3	2016-11-22 09:09:09	1	255	1	0
        6	2016-11-22 09:47:49	1	255	1	0
        4	2016-11-22 18:06:38	1	255	1	0
        5	2016-11-22 18:06:42	1	255	1	0
        6	2016-11-22 18:13:24	1	255	1	0
        4	2016-11-23 07:14:07	1	255	1	0
        1	2016-11-23 07:18:40	1	255	1	0
        5	2016-11-23 07:25:46	1	255	1	0
        2	2016-11-23 08:09:50	1	255	1	0
        6	2016-11-23 08:25:10	1	255	1	0
        5	2016-11-23 23:34:19	1	255	1	0
        1	2016-11-23 23:34:29	1	255	1	0
        4	2016-11-23 23:34:49	1	255	1	0
        6	2016-11-23 23:35:09	1	255	1	0
        3	2016-11-23 23:35:41	1	255	1	0
        5	2016-11-24 07:29:03	1	255	1	0
        4	2016-11-24 07:29:06	1	255	1	0
        2	2016-11-24 07:44:22	1	255	1	0
        1	2016-11-24 08:44:22	1	255	1	0
        3	2016-11-24 08:52:19	1	255	1	0
        6	2016-11-24 12:50:38	1	255	1	0
        3	2016-11-24 15:48:17	1	255	1	0
        4	2016-11-24 17:08:08	1	255	1	0
        5	2016-11-24 17:08:39	1	255	1	0
        1	2016-11-24 19:20:39	1	255	1	0
        6	2016-11-24 19:28:44	1	255	1	0
        2	2016-11-25 07:47:05	1	255	1	0
        6	2016-11-25 10:08:12	1	255	1	0
        3	2016-11-25 10:08:20	1	255	1	0
        4	2016-11-25 13:22:41	1	255	1	0
        1	2016-11-25 13:45:27	1	255	1	0
        3	2016-11-25 17:25:15	1	255	1	0
        6	2016-11-25 19:13:43	1	255	1	0
        1	2016-11-25 20:47:26	1	255	1	0
        5	2016-11-25 20:47:34	1	255	1	0
        4	2016-11-25 20:47:41	1	255	1	0
        4	2016-11-26 06:50:15	1	255	1	0
        1	2016-11-26 07:15:53	1	255	1	0
        6	2016-11-26 07:16:14	1	255	1	0
        3	2016-11-26 07:16:21	1	255	1	0
        4	2016-11-26 16:03:35	1	255	1	0
        1	2016-11-26 16:19:49	1	255	1	0
        3	2016-11-26 16:20:07	1	255	1	0
        6	2016-11-26 16:21:17	1	255	1	0
        1	2016-11-27 10:15:03	1	255	1	0
        3	2016-11-27 10:15:57	1	255	1	0
        6	2016-11-27 10:16:07	1	255	1	0
        3	2016-11-27 19:15:32	1	255	1	0
        1	2016-11-27 19:15:38	1	255	1	0
        6	2016-11-27 19:15:51	1	255	1	0
        5	2016-11-28 07:06:45	1	255	1	0
        4	2016-11-28 07:06:57	1	255	1	0
        1	2016-11-28 07:20:19	1	255	1	0
        2	2016-11-28 07:55:07	1	255	1	0
        6	2016-11-28 08:54:58	1	255	1	0
        3	2016-11-28 09:57:45	1	255	1	0
        6	2016-11-28 19:07:59	1	255	1	0
        1	2016-11-29 00:10:31	1	255	1	0
        3	2016-11-29 00:10:34	1	255	1	0
        4	2016-11-29 07:14:42	1	255	1	0
        2	2016-11-29 07:50:29	1	255	1	0
        5	2016-11-29 08:58:46	1	255	1	0
        6	2016-11-29 09:27:09	1	255	1	0
        3	2016-11-29 10:00:08	1	255	1	0
        1	2016-11-29 10:00:18	1	255	1	0
        4	2016-11-29 16:13:47	1	255	1	0
        1	2016-11-29 16:21:06	1	255	1	0
        6	2016-11-29 18:53:45	1	255	1	0
        3	2016-11-29 18:54:13	1	255	1	0
        5	2016-11-30 07:17:25	1	255	1	0
        4	2016-11-30 07:17:45	1	255	1	0
        1	2016-11-30 07:30:02	1	255	1	0
        3	2016-11-30 07:39:18	1	255	1	0
        2	2016-11-30 07:43:35	1	255	1	0
        6	2016-11-30 10:23:24	1	255	1	0
        1	2016-11-30 18:18:16	1	255	1	0
        4	2016-11-30 18:18:29	1	255	1	0
        6	2016-11-30 18:19:13	1	255	1	0
        5	2016-12-01 07:26:49	1	255	1	0
        6	2016-12-01 07:30:43	1	255	1	0
        1	2016-12-01 07:38:21	1	255	1	0
        4	2016-12-01 07:38:32	1	255	1	0
        3	2016-12-01 07:41:23	1	255	1	0
        1	2016-12-01 20:57:18	1	255	1	0
        3	2016-12-01 20:57:32	1	255	1	0
        5	2016-12-01 20:57:37	1	255	1	0
        6	2016-12-01 20:57:42	1	255	1	0
        4	2016-12-01 20:57:50	1	255	1	0
        5	2016-12-02 07:07:49	1	255	1	0
        4	2016-12-02 07:07:53	1	255	1	0
        2	2016-12-02 07:38:48	1	255	1	0
        6	2016-12-02 10:20:27	1	255	1	0
        3	2016-12-02 11:56:35	1	255	1	0
        4	2016-12-02 16:24:12	1	255	1	0
        3	2016-12-02 16:50:58	1	255	1	0
        5	2016-12-02 17:16:28	1	255	1	0
        6	2016-12-02 18:48:44	1	255	1	0
        4	2016-12-03 06:52:13	1	255	1	0
        6	2016-12-03 08:58:26	1	255	1	0
        4	2016-12-03 15:59:04	1	255	1	0
        6	2016-12-03 16:23:52	1	255	1	0
        5	2016-12-05 07:13:27	1	255	1	0
        4	2016-12-05 07:13:38	1	255	1	0
        1	2016-12-05 07:15:26	1	255	1	0
        6	2016-12-05 07:42:23	1	255	1	0
        2	2016-12-05 07:59:53	1	255	1	0
        3	2016-12-05 10:51:44	1	255	1	0
        3	2016-12-05 16:43:17	1	255	1	0
        4	2016-12-05 16:43:23	1	255	1	0
        1	2016-12-05 16:44:15	1	255	1	0
        6	2016-12-05 16:44:53	1	255	1	0
        5	2016-12-05 17:50:41	1	255	1	0
        4	2016-12-06 07:15:54	1	255	1	0
        5	2016-12-06 07:15:58	1	255	1	0
        1	2016-12-06 08:21:19	1	255	1	0
        2	2016-12-06 08:21:30	1	255	1	0
        3	2016-12-06 08:32:21	1	255	1	0
        6	2016-12-06 08:36:57	1	255	1	0
        6	2016-12-06 19:00:20	1	255	1	0
        1	2016-12-06 20:43:27	1	255	1	0
        4	2016-12-06 20:43:42	1	255	1	0
        3	2016-12-06 20:43:46	1	255	1	0
        4	2016-12-07 07:17:32	1	255	1	0
        5	2016-12-07 07:17:38	1	255	1	0
        1	2016-12-07 07:23:05	1	255	1	0
        3	2016-12-07 07:27:20	1	255	1	0
        2	2016-12-07 08:04:11	1	255	1	0
        6	2016-12-07 09:04:28	1	255	1	0
        1	2016-12-07 16:05:13	1	255	1	0
        6	2016-12-07 17:58:09	1	255	1	0
        4	2016-12-07 17:58:19	1	255	1	0
        3	2016-12-07 18:00:14	1	255	1	0
        5	2016-12-07 18:23:39	1	255	1	0
        4	2016-12-08 06:54:42	1	255	1	0
        5	2016-12-08 06:54:48	1	255	1	0
        1	2016-12-08 08:14:02	1	255	1	0
        6	2016-12-08 08:28:03	1	255	1	0
        3	2016-12-08 09:31:02	1	255	1	0
        3	2016-12-08 17:10:41	1	255	1	0
        1	2016-12-08 17:12:01	1	255	1	0
        6	2016-12-08 17:12:09	1	255	1	0
        3	2016-12-09 07:07:14	1	255	1	0
        6	2016-12-09 07:07:23	1	255	1	0
        1	2016-12-09 07:09:04	1	255	1	0
        4	2016-12-09 07:15:04	1	255	1	0
        5	2016-12-09 07:15:12	1	255	1	0
        2	2016-12-09 07:39:03	1	255	1	0
        4	2016-12-09 12:11:56	1	255	1	0
        1	2016-12-09 18:31:54	1	255	1	0
        6	2016-12-09 18:32:26	1	255	1	0
        3	2016-12-09 18:32:35	1	255	1	0
        4	2016-12-10 06:36:16	1	255	1	0
        1	2016-12-10 07:15:43	1	255	1	0
        3	2016-12-10 07:15:46	1	255	1	0
        3	2016-12-10 18:28:38	1	255	1	0
        1	2016-12-10 18:28:43	1	255	1	0
        4	2016-12-11 06:44:34	1	255	1	0
        6	2016-12-11 09:26:26	1	255	1	0
        6	2016-12-11 16:00:06	1	255	1	0
        4	2016-12-11 16:00:19	1	255	1	0
        6	2016-12-12 07:29:03	1	255	1	0
        2	2016-12-12 07:48:29	1	255	1	0
        4	2016-12-12 07:51:21	1	255	1	0
        1	2016-12-12 09:28:54	1	255	1	0
        1	2016-12-12 14:22:31	1	255	1	0
        4	2016-12-12 15:40:27	1	255	1	0
        5	2016-12-12 16:05:55	1	255	1	0
        5	2016-12-13 06:52:12	1	255	1	0
        4	2016-12-13 06:52:42	1	255	1	0
        1	2016-12-13 07:19:33	1	255	1	0
        2	2016-12-13 07:48:11	1	255	1	0
        3	2016-12-13 09:56:32	1	255	1	0
        1	2016-12-13 16:06:51	1	255	1	0
        5	2016-12-13 16:51:16	1	255	1	0
        3	2016-12-13 16:51:22	1	255	1	0
        4	2016-12-13 16:51:56	1	255	1	0
        4	2016-12-14 06:51:00	1	255	1	0
        2	2016-12-14 07:43:16	1	255	1	0
        3	2016-12-14 08:29:38	1	255	1	0
        1	2016-12-14 08:29:43	1	255	1	0
        1	2016-12-14 19:50:52	1	255	1	0
        3	2016-12-14 19:50:55	1	255	1	0
        4	2016-12-14 19:51:04	1	255	1	0
        4	2016-12-15 06:53:44	1	255	1	0
        3	2016-12-15 08:02:40	1	255	1	0
        3	2016-12-15 18:55:38	1	255	1	0
        4	2016-12-15 19:15:26	1	255	1	0
        4	2016-12-16 07:02:21	1	255	1	0
        2	2016-12-16 07:53:19	1	255	1	0
        4	2016-12-16 16:07:57	1	255	1	0
        5	2016-12-19 06:52:37	1	255	1	0
        4	2016-12-19 06:52:46	1	255	1	0
        2	2016-12-19 07:42:35	1	255	1	0
        3	2016-12-19 09:30:56	1	255	1	0
        1	2016-12-19 10:25:17	1	255	1	0
        5	2016-12-19 18:29:43	1	255	1	0
        4	2016-12-19 18:29:58	1	255	1	0
        3	2016-12-19 18:30:18	1	255	1	0
        1	2016-12-19 18:30:23	1	255	1	0
        5	2016-12-20 07:08:00	1	255	1	0
        4	2016-12-20 07:08:05	1	255	1	0
        1	2016-12-20 07:31:14	1	255	1	0
        3	2016-12-20 07:35:27	1	255	1	0
        2	2016-12-20 07:59:48	1	255	1	0
        7	2016-12-20 12:15:32	1	255	1	0
        1	2016-12-20 16:33:40	1	255	1	0
        3	2016-12-20 16:33:50	1	255	1	0
        4	2016-12-20 17:40:10	1	255	1	0
        4	2016-12-21 07:15:46	1	255	1	0
        1	2016-12-21 07:21:08	1	255	1	0
        3	2016-12-21 07:21:16	1	255	1	0
        5	2016-12-21 07:31:10	1	255	1	0
        1	2016-12-21 17:37:57	1	255	1	0
        4	2016-12-21 17:38:06	1	255	1	0
        5	2016-12-21 17:38:25	1	255	1	0
        3	2016-12-21 17:38:30	1	255	1	0
        4	2016-12-22 06:48:22	1	255	1	0
        5	2016-12-22 06:48:26	1	255	1	0
        3	2016-12-22 08:43:55	1	255	1	0
        1	2016-12-22 10:31:01	1	255	1	0
        5	2016-12-22 17:49:17	1	255	1	0
        4	2016-12-22 17:49:22	1	255	1	0
        3	2016-12-22 17:49:29	1	255	1	0
        1	2016-12-22 21:11:01	1	255	1	0
        4	2016-12-23 06:45:47	1	255	1	0
        5	2016-12-23 06:48:55	1	255	1	0
        1	2016-12-23 07:10:07	1	255	1	0
        4	2016-12-23 14:16:48	1	255	1	0
        5	2016-12-23 14:16:55	1	255	1	0
        5	2016-12-25 06:57:15	1	255	1	0
        4	2016-12-25 07:00:24	1	255	1	0
        6	2016-12-25 07:31:39	1	255	1	0
        1	2016-12-25 08:09:33	1	255	1	0
        3	2016-12-25 09:24:19	1	255	1	0
        5	2016-12-25 15:55:35	1	255	1	0
        4	2016-12-25 15:57:45	1	255	1	0
        6	2016-12-25 17:18:46	1	255	1	0
        3	2016-12-25 17:20:14	1	255	1	0
        1	2016-12-25 17:32:53	1	255	1	0
        5	2016-12-26 06:59:58	1	255	1	0
        4	2016-12-26 07:00:15	1	255	1	0
        6	2016-12-26 07:35:23	1	255	1	0
        3	2016-12-26 07:57:57	1	255	1	0
        7	2016-12-26 14:52:33	1	255	1	0
        5	2016-12-26 16:06:35	1	255	1	0
        4	2016-12-26 16:06:39	1	255	1	0
        3	2016-12-26 16:08:05	1	255	1	0
        6	2016-12-26 16:08:42	1	255	1	0
        5	2016-12-27 07:11:46	1	255	1	0
        5	2016-12-27 07:11:53	1	255	1	0
        4	2016-12-27 07:11:59	1	255	1	0
        6	2016-12-27 11:05:44	1	255	1	0
        6	2016-12-27 16:08:48	1	255	1	0
        4	2016-12-27 16:18:24	1	255	1	0
        5	2016-12-27 16:48:10	1	255	1	0
        5	2016-12-28 07:07:10	1	255	1	0
        4	2016-12-28 07:07:13	1	255	1	0
        6	2016-12-28 08:41:40	1	255	1	0
        4	2016-12-28 16:06:13	1	255	1	0
        6	2016-12-28 16:06:24	1	255	1	0
        5	2016-12-28 17:23:48	1	255	1	0
        5	2016-12-29 07:48:16	1	255	1	0
        4	2016-12-29 07:48:32	1	255	1	0
        6	2016-12-29 08:10:00	1	255	1	0
        3	2016-12-29 09:14:26	1	255	1	0
        4	2016-12-29 15:58:35	1	255	1	0
        3	2016-12-29 15:58:54	1	255	1	0
        6	2016-12-29 15:59:01	1	255	1	0
        4	2017-01-09 07:15:57	1	255	1	0
        3	2017-01-09 08:30:44	1	255	1	0
        6	2017-01-09 08:41:53	1	255	1	0
        6	2017-01-09 16:02:22	1	255	1	0
        3	2017-01-09 16:04:36	1	255	1	0
        4	2017-01-09 16:13:05	1	255	1	0
        4	2017-01-10 06:47:17	1	255	1	0
        5	2017-01-10 08:05:08	1	255	1	0
        6	2017-01-10 08:05:18	1	255	1	0
        3	2017-01-10 10:40:13	1	255	1	0
        5	2017-01-10 16:00:17	1	255	1	0
        5	2017-01-10 16:00:23	1	255	1	0
        3	2017-01-10 16:01:16	1	255	1	0
        6	2017-01-10 16:09:22	1	255	1	0
        4	2017-01-10 16:12:13	1	255	1	0
        5	2017-01-11 07:07:50	1	255	1	0
        5	2017-01-11 07:07:52	1	255	1	0
        4	2017-01-11 07:07:59	1	255	1	0
        6	2017-01-11 08:43:10	1	255	1	0
        3	2017-01-11 08:58:49	1	255	1	0
        5	2017-01-11 15:49:49	1	255	1	0
        4	2017-01-11 15:50:39	1	255	1	0
        3	2017-01-11 17:37:47	1	255	1	0
        6	2017-01-11 17:38:53	1	255	1	0
        5	2017-01-12 06:46:55	1	255	1	0
        4	2017-01-12 06:47:06	1	255	1	0
        1	2017-01-12 07:00:47	1	255	1	0
        6	2017-01-12 08:22:14	1	255	1	0
        3	2017-01-12 08:29:23	1	255	1	0
        6	2017-01-12 16:18:24	1	255	1	0
        3	2017-01-12 16:18:59	1	255	1	0
        4	2017-01-12 16:19:03	1	255	1	0
        1	2017-01-12 16:19:56	1	255	1	0
        5	2017-01-13 06:58:53	1	255	1	0
        4	2017-01-13 06:59:03	1	255	1	0
        3	2017-01-13 07:57:58	1	255	1	0
        6	2017-01-13 08:58:29	1	255	1	0
        5	2017-01-13 12:30:01	1	255	1	0
        4	2017-01-13 16:03:09	1	255	1	0
        3	2017-01-13 17:14:26	1	255	1	0
        6	2017-01-13 17:14:35	1	255	1	0
        1	2017-01-16 06:45:53	1	255	1	0
        4	2017-01-16 06:57:58	1	255	1	0
        5	2017-01-16 06:58:02	1	255	1	0
        6	2017-01-16 09:30:21	1	255	1	0
        6	2017-01-16 16:00:29	1	255	1	0
        1	2017-01-16 16:01:07	1	255	1	0
        4	2017-01-16 17:47:12	1	255	1	0
        1	2017-01-17 08:31:29	1	255	1	0
        6	2017-01-17 09:41:13	1	255	1	0
        6	2017-01-17 16:08:30	1	255	1	0
        1	2017-01-17 17:35:10	1	255	1	0
        1	2017-01-18 07:09:45	1	255	1	0
        6	2017-01-18 09:37:58	1	255	1	0
        1	2017-01-18 16:34:12	1	255	1	0
        6	2017-01-18 16:37:59	1	255	1	0
        1	2017-01-19 08:15:31	1	255	1	0
        6	2017-01-19 08:29:40	1	255	1	0
        6	2017-01-19 17:18:18	1	255	1	0
        1	2017-01-19 17:19:32	1	255	1	0
        1	2017-01-20 09:04:53	1	255	1	0
        1	2017-01-20 19:18:55	1	255	1	0
        6	2017-01-23 08:55:06	1	255	1	0
        1	2017-01-23 09:15:04	1	255	1	0
        6	2017-01-23 15:50:30	1	255	1	0
        1	2017-01-23 18:24:41	1	255	1	0
        6	2017-01-24 08:54:02	1	255	1	0
        6	2017-01-24 16:27:53	1	255	1	0
        6	2017-01-25 08:59:28	1	255	1	0
        6	2017-01-25 08:59:39	1	255	1	0
        6	2017-01-25 17:02:09	1	255	1	0
        1	2017-01-27 08:38:36	1	255	1	0
        1	2017-01-27 14:19:07	1	255	1	0
        1	2017-01-30 06:49:22	1	255	1	0
        4	2017-01-30 07:02:16	1	255	1	0
        7	2017-01-30 07:13:07	1	255	1	0
        5	2017-01-30 08:20:09	1	255	1	0
        3	2017-01-30 08:30:10	1	255	1	0
        6	2017-01-30 08:42:32	1	255	1	0
        5	2017-01-30 16:11:53	1	255	1	0
        7	2017-01-30 16:13:10	1	255	1	0
        4	2017-01-30 16:14:28	1	255	1	0
        3	2017-01-30 16:15:59	1	255	1	0
        6	2017-01-30 17:02:32	1	255	1	0
        1	2017-01-30 19:24:55	1	255	1	0
        4	2017-01-31 07:00:30	1	255	1	0
        1	2017-01-31 07:09:33	1	255	1	0
        6	2017-01-31 08:15:43	1	255	1	0
        3	2017-01-31 09:05:41	1	255	1	0
        5	2017-01-31 09:06:05	1	255	1	0
        1	2017-01-31 15:19:39	1	255	1	0
        6	2017-01-31 16:12:30	1	255	1	0
        3	2017-01-31 16:12:55	1	255	1	0
        4	2017-02-01 06:56:37	1	255	1	0
        1	2017-02-01 07:37:15	1	255	1	0
        3	2017-02-01 08:30:26	1	255	1	0
        6	2017-02-01 08:55:39	1	255	1	0
        6	2017-02-01 16:47:22	1	255	1	0
        1	2017-02-01 17:29:51	1	255	1	0
        3	2017-02-01 19:06:29	1	255	1	0
        4	2017-02-01 19:06:36	1	255	1	0
        4	2017-02-02 06:55:00	1	255	1	0
        1	2017-02-02 07:20:30	1	255	1	0
        3	2017-02-02 07:20:38	1	255	1	0
        7	2017-02-02 08:30:26	1	255	1	0
        1	2017-02-02 16:54:19	1	255	1	0
        3	2017-02-02 16:54:45	1	255	1	0
        4	2017-02-02 16:54:59	1	255	1	0
        4	2017-02-03 07:03:04	1	255	1	0
        1	2017-02-03 07:08:02	1	255	1	0
        6	2017-02-03 08:01:47	1	255	1	0
        3	2017-02-03 09:17:34	1	255	1	0
        4	2017-02-03 16:02:47	1	255	1	0
        6	2017-02-03 16:43:29	1	255	1	0
        3	2017-02-03 16:43:36	1	255	1	0
        1	2017-02-03 16:44:14	1	255	1	0
        5	2017-02-06 06:57:27	1	255	1	0
        4	2017-02-06 06:57:41	1	255	1	0
        1	2017-02-06 07:02:26	1	255	1	0
        6	2017-02-06 07:58:15	1	255	1	0
        3	2017-02-06 08:06:37	1	255	1	0
        3	2017-02-06 13:03:32	1	255	1	0
        4	2017-02-06 16:02:51	1	255	1	0
        5	2017-02-06 16:02:53	1	255	1	0
        6	2017-02-06 17:13:10	1	255	1	0
        5	2017-02-07 06:53:34	1	255	1	0
        4	2017-02-07 06:53:54	1	255	1	0
        1	2017-02-07 07:36:34	1	255	1	0
        3	2017-02-07 08:05:43	1	255	1	0
        6	2017-02-07 08:14:17	1	255	1	0
        6	2017-02-07 15:51:21	1	255	1	0
        4	2017-02-07 16:17:42	1	255	1	0
        5	2017-02-07 16:19:30	1	255	1	0
        1	2017-02-07 17:14:02	1	255	1	0
        3	2017-02-07 17:14:11	1	255	1	0
        3	2017-02-07 17:14:45	1	255	1	0
        5	2017-02-08 06:58:48	1	255	1	0
        4	2017-02-08 06:58:54	1	255	1	0
        1	2017-02-08 07:58:49	1	255	1	0
        3	2017-02-08 07:58:52	1	255	1	0
        6	2017-02-08 09:37:55	1	255	1	0
        4	2017-02-08 16:00:32	1	255	1	0
        5	2017-02-08 16:00:40	1	255	1	0
        1	2017-02-08 17:30:20	1	255	1	0
        3	2017-02-08 17:31:03	1	255	1	0
        6	2017-02-08 17:31:13	1	255	1	0
        5	2017-02-09 07:00:27	1	255	1	0
        4	2017-02-09 07:00:33	1	255	1	0
        1	2017-02-09 08:05:33	1	255	1	0
        3	2017-02-09 08:05:38	1	255	1	0
        6	2017-02-09 08:11:34	1	255	1	0
        6	2017-02-09 18:55:39	1	255	1	0
        1	2017-02-09 18:55:44	1	255	1	0
        4	2017-02-09 18:55:48	1	255	1	0
        3	2017-02-09 18:55:55	1	255	1	0
        5	2017-02-10 07:01:10	1	255	1	0
        4	2017-02-10 07:01:29	1	255	1	0
        3	2017-02-10 07:07:35	1	255	1	0
        1	2017-02-10 07:07:51	1	255	1	0
        3	2017-02-10 07:08:53	1	255	1	0
        6	2017-02-10 07:38:31	1	255	1	0
        3	2017-02-10 17:05:04	1	255	1	0
        4	2017-02-10 18:15:42	1	255	1	0
        5	2017-02-10 18:15:46	1	255	1	0
        6	2017-02-10 18:32:43	1	255	1	0
        1	2017-02-10 18:32:57	1	255	1	0
        1	2017-02-13 07:54:09	1	255	1	0
        5	2017-02-13 07:54:16	1	255	1	0
        1	2017-02-13 07:54:20	1	255	1	0
        6	2017-02-13 08:36:42	1	255	1	0
        3	2017-02-13 10:09:48	1	255	1	0
        1	2017-02-13 15:33:20	1	255	1	0
        1	2017-02-13 15:33:27	1	255	1	0
        5	2017-02-13 15:33:35	1	255	1	0
        3	2017-02-13 17:01:38	1	255	1	0
        6	2017-02-13 17:01:45	1	255	1	0
        5	2017-02-14 07:08:38	1	255	1	0
        4	2017-02-14 07:08:42	1	255	1	0
        6	2017-02-14 08:10:04	1	255	1	0
        3	2017-02-14 08:24:23	1	255	1	0
        1	2017-02-14 08:49:54	1	255	1	0
        4	2017-02-14 18:09:23	1	255	1	0
        5	2017-02-14 18:09:27	1	255	1	0
        3	2017-02-14 18:26:15	1	255	1	0
        6	2017-02-14 18:26:19	1	255	1	0
        4	2017-02-15 07:10:43	1	255	1	0
        5	2017-02-15 07:10:46	1	255	1	0
        1	2017-02-15 07:11:39	1	255	1	0
        6	2017-02-15 08:40:15	1	255	1	0
        3	2017-02-15 09:27:26	1	255	1	0
        6	2017-02-15 15:45:14	1	255	1	0
        4	2017-02-15 16:12:43	1	255	1	0
        5	2017-02-15 16:12:47	1	255	1	0
        3	2017-02-15 16:55:14	1	255	1	0
        1	2017-02-15 16:55:32	1	255	1	0
        5	2017-02-16 06:56:14	1	255	1	0
        4	2017-02-16 06:56:19	1	255	1	0
        1	2017-02-16 08:05:10	1	255	1	0
        6	2017-02-16 08:05:15	1	255	1	0
        3	2017-02-16 08:05:19	1	255	1	0
        4	2017-02-16 17:51:14	1	255	1	0
        1	2017-02-16 17:53:04	1	255	1	0
        6	2017-02-16 17:53:30	1	255	1	0
        3	2017-02-16 17:53:39	1	255	1	0
        4	2017-02-17 06:52:58	1	255	1	0
        6	2017-02-17 07:43:05	1	255	1	0
        1	2017-02-17 07:43:09	1	255	1	0
        1	2017-02-17 15:09:52	1	255	1	0
        6	2017-02-17 15:09:58	1	255	1	0
        4	2017-02-17 15:14:31	1	255	1	0
        4	2017-02-20 06:52:23	1	255	1	0
        5	2017-02-20 06:52:34	1	255	1	0
        1	2017-02-20 07:14:33	1	255	1	0
        3	2017-02-20 07:14:38	1	255	1	0
        6	2017-02-20 07:57:56	1	255	1	0
        5	2017-02-20 12:16:32	1	255	1	0
        6	2017-02-20 17:53:03	1	255	1	0
        3	2017-02-20 17:53:07	1	255	1	0
        1	2017-02-20 17:53:33	1	255	1	0
        4	2017-02-21 06:54:26	1	255	1	0
        1	2017-02-21 07:19:36	1	255	1	0
        6	2017-02-21 07:57:38	1	255	1	0
        3	2017-02-21 08:22:37	1	255	1	0
        1	2017-02-21 13:43:08	1	255	1	0
        6	2017-02-21 18:20:08	1	255	1	0
        4	2017-02-21 20:02:44	1	255	1	0
        3	2017-02-21 20:03:22	1	255	1	0
        4	2017-02-22 07:10:45	1	255	1	0
        3	2017-02-22 08:35:28	1	255	1	0
        1	2017-02-22 10:56:28	1	255	1	0
        6	2017-02-22 10:56:40	1	255	1	0
        7	2017-02-22 11:15:04	1	255	1	0
        1	2017-02-22 17:59:45	1	255	1	0
        3	2017-02-22 18:26:51	1	255	1	0
        6	2017-02-22 18:42:36	1	255	1	0
        3	2017-02-22 18:44:24	1	255	1	0
        4	2017-02-27 06:56:01	1	255	1	0
        6	2017-02-27 08:04:09	1	255	1	0
        1	2017-02-27 08:23:48	1	255	1	0
        3	2017-02-27 08:23:51	1	255	1	0
        1	2017-02-27 16:14:34	1	255	1	0
        6	2017-02-27 18:11:57	1	255	1	0
        3	2017-02-27 18:12:02	1	255	1	0
        4	2017-02-27 18:12:34	1	255	1	0
        4	2017-02-28 06:58:52	1	255	1	0
        1	2017-02-28 07:38:59	1	255	1	0
        3	2017-02-28 07:39:09	1	255	1	0
        4	2017-02-28 15:02:41	1	255	1	0
        3	2017-02-28 16:37:46	1	255	1	0
        1	2017-02-28 18:43:58	1	255	1	0
        1	2017-03-01 07:50:24	1	255	1	0
        4	2017-03-01 08:06:30	1	255	1	0
        3	2017-03-01 09:07:16	1	255	1	0
        4	2017-03-01 19:43:52	1	255	1	0
        1	2017-03-01 19:52:45	1	255	1	0
        3	2017-03-01 19:53:26	1	255	1	0
        4	2017-03-02 07:10:41	1	255	1	0
        1	2017-03-02 09:02:55	1	255	1	0
        4	2017-03-02 14:57:47	1	255	1	0
        1	2017-03-02 16:19:04	1	255	1	0
        4	2017-03-03 06:48:24	1	255	1	0
        3	2017-03-03 08:32:15	1	255	1	0
        1	2017-03-03 11:38:04	1	255	1	0
        4	2017-03-03 16:06:05	1	255	1	0
        3	2017-03-03 16:07:13	1	255	1	0
        5	2017-03-06 06:56:30	1	255	1	0
        4	2017-03-06 06:56:42	1	255	1	0
        1	2017-03-06 07:51:43	1	255	1	0
        3	2017-03-06 07:51:51	1	255	1	0
        4	2017-03-06 15:58:30	1	255	1	0
        1	2017-03-06 20:10:13	1	255	1	0
        3	2017-03-06 20:10:45	1	255	1	0
        4	2017-03-07 07:14:03	1	255	1	0
        5	2017-03-07 07:14:06	1	255	1	0
        1	2017-03-07 09:23:15	1	255	1	0
        5	2017-03-07 18:32:04	1	255	1	0
        3	2017-03-07 18:32:22	1	255	1	0
        4	2017-03-09 06:59:17	1	255	1	0
        5	2017-03-09 06:59:20	1	255	1	0
        1	2017-03-09 08:36:27	1	255	1	0
        3	2017-03-09 08:36:44	1	255	1	0
        4	2017-03-09 16:28:20	1	255	1	0
        5	2017-03-09 16:28:25	1	255	1	0
        3	2017-03-09 16:28:28	1	255	1	0
        5	2017-03-10 06:56:45	1	255	1	0
        4	2017-03-10 06:56:56	1	255	1	0
        1	2017-03-10 08:33:58	1	255	1	0
        3	2017-03-10 08:54:46	1	255	1	0
        1	2017-03-10 15:59:30	1	255	1	0
        5	2017-03-10 16:19:07	1	255	1	0
        4	2017-03-10 16:19:13	1	255	1	0
        4	2017-03-11 07:32:31	1	255	1	0
        4	2017-03-11 15:07:42	1	255	1	0
        5	2017-03-13 07:00:08	1	255	1	0
        4	2017-03-13 07:00:11	1	255	1	0
        1	2017-03-13 07:00:52	1	255	1	0
        3	2017-03-13 07:00:54	1	255	1	0
        3	2017-03-13 17:16:48	1	255	1	0
        5	2017-03-13 17:16:54	1	255	1	0
        3	2017-03-13 17:31:47	1	255	1	0
        4	2017-03-13 17:31:58	1	255	1	0
        4	2017-03-14 06:48:42	1	255	1	0
        1	2017-03-14 08:38:18	1	255	1	0
        3	2017-03-14 08:54:34	1	255	1	0
        4	2017-03-14 16:04:16	1	255	1	0
        1	2017-03-14 18:24:09	1	255	1	0
        3	2017-03-14 18:24:13	1	255	1	0
        5	2017-03-15 07:53:55	1	255	1	0
        4	2017-03-15 07:55:21	1	255	1	0
        1	2017-03-15 08:05:36	1	255	1	0
        3	2017-03-15 08:05:47	1	255	1	0
        4	2017-03-15 16:47:21	1	255	1	0
        5	2017-03-15 16:47:25	1	255	1	0
        3	2017-03-15 16:47:45	1	255	1	0
        4	2017-03-16 07:19:33	1	255	1	0
        5	2017-03-16 07:19:41	1	255	1	0
        3	2017-03-16 09:07:42	1	255	1	0
        5	2017-03-16 15:33:57	1	255	1	0
        4	2017-03-16 18:54:13	1	255	1	0
        3	2017-03-16 18:54:21	1	255	1	0
        5	2017-03-17 06:53:13	1	255	1	0
        4	2017-03-17 07:10:42	1	255	1	0
        1	2017-03-17 08:16:30	1	255	1	0
        3	2017-03-17 08:16:33	1	255	1	0
        1	2017-03-17 16:22:59	1	255	1	0
        5	2017-03-17 17:16:02	1	255	1	0
        4	2017-03-17 17:32:19	1	255	1	0
        3	2017-03-17 17:32:26	1	255	1	0
        4	2017-03-20 07:02:01	1	255	1	0
        5	2017-03-20 07:02:06	1	255	1	0
        1	2017-03-20 08:36:51	1	255	1	0
        3	2017-03-20 08:36:54	1	255	1	0
        1	2017-03-20 16:20:31	1	255	1	0
        4	2017-03-20 16:20:39	1	255	1	0
        5	2017-03-20 16:20:42	1	255	1	0
        3	2017-03-20 16:20:47	1	255	1	0
        5	2017-03-21 06:56:51	1	255	1	0
        4	2017-03-21 06:56:55	1	255	1	0
        1	2017-03-21 07:45:43	1	255	1	0
        3	2017-03-21 07:45:46	1	255	1	0
        1	2017-03-21 14:42:38	1	255	1	0
        3	2017-03-21 14:42:54	1	255	1	0
        4	2017-03-21 16:29:56	1	255	1	0
        5	2017-03-21 16:30:03	1	255	1	0
        5	2017-03-22 06:50:33	1	255	1	0
        4	2017-03-22 06:50:37	1	255	1	0
        3	2017-03-22 10:52:00	1	255	1	0
        5	2017-03-22 16:04:50	1	255	1	0
        4	2017-03-22 16:04:55	1	255	1	0
        3	2017-03-22 16:43:39	1	255	1	0
        1	2017-03-22 16:50:20	1	255	1	0
        1	2017-03-23 08:31:47	1	255	1	0
        5	2017-03-23 08:53:19	1	255	1	0
        3	2017-03-23 09:15:56	1	255	1	0
        3	2017-03-23 18:55:59	1	255	1	0
        5	2017-03-23 18:56:05	1	255	1	0
        5	2017-03-24 06:54:49	1	255	1	0
        4	2017-03-24 06:54:52	1	255	1	0
        3	2017-03-24 08:51:23	1	255	1	0
        4	2017-03-24 15:37:30	1	255	1	0
        3	2017-03-24 15:37:40	1	255	1	0
        4	2017-03-27 06:55:49	1	255	1	0
        5	2017-03-27 06:55:54	1	255	1	0
        1	2017-03-27 08:22:05	1	255	1	0
        4	2017-03-27 16:11:18	1	255	1	0
        5	2017-03-27 16:11:58	1	255	1	0
        4	2017-03-28 06:55:57	1	255	1	0
        5	2017-03-28 06:56:01	1	255	1	0
        3	2017-03-28 08:32:39	1	255	1	0
        3	2017-03-28 15:58:51	1	255	1	0
        4	2017-03-28 15:58:55	1	255	1	0
        5	2017-03-28 16:00:12	1	255	1	0
        5	2017-03-29 06:56:30	1	255	1	0
        4	2017-03-29 06:56:40	1	255	1	0
        3	2017-03-29 07:47:09	1	255	1	0
        1	2017-03-29 07:47:15	1	255	1	0
        4	2017-03-29 16:00:06	1	255	1	0
        5	2017-03-29 16:01:16	1	255	1	0
        4	2017-03-30 06:32:58	1	255	1	0
        4	2017-03-30 19:54:36	1	255	1	0
        4	2017-03-31 06:44:35	1	255	1	0
        5	2017-03-31 06:44:41	1	255	1	0
        3	2017-03-31 08:32:30	1	255	1	0
        1	2017-03-31 08:34:44	1	255	1	0
        4	2017-03-31 16:23:05	1	255	1	0
        3	2017-03-31 16:23:15	1	255	1	0
        1	2017-03-31 16:23:37	1	255	1	0
        5	2017-04-03 06:51:19	1	255	1	0
        4	2017-04-03 06:51:29	1	255	1	0
        1	2017-04-03 07:42:12	1	255	1	0
        1	2017-04-03 18:02:06	1	255	1	0
        4	2017-04-03 18:02:29	1	255	1	0
        5	2017-04-03 18:02:32	1	255	1	0
        4	2017-04-04 06:54:38	1	255	1	0
        5	2017-04-04 06:54:58	1	255	1	0
        3	2017-04-04 08:01:48	1	255	1	0
        4	2017-04-04 17:05:56	1	255	1	0
        3	2017-04-04 17:16:48	1	255	1	0
        5	2017-04-04 18:07:55	1	255	1	0
        5	2017-04-05 06:54:14	1	255	1	0
        4	2017-04-05 06:54:32	1	255	1	0
        3	2017-04-05 08:22:37	1	255	1	0
        1	2017-04-05 15:27:52	1	255	1	0
        3	2017-04-05 17:18:21	1	255	1	0
        1	2017-04-05 17:18:24	1	255	1	0
        4	2017-04-05 17:20:22	1	255	1	0
        5	2017-04-05 17:20:32	1	255	1	0
        5	2017-04-06 06:51:57	1	255	1	0
        4	2017-04-06 06:52:01	1	255	1	0
        3	2017-04-06 07:29:01	1	255	1	0
        1	2017-04-06 07:32:46	1	255	1	0
        1	2017-04-06 07:38:37	1	255	1	0
        3	2017-04-06 14:58:30	1	255	1	0
        5	2017-04-06 16:27:10	1	255	1	0
        4	2017-04-06 16:27:23	1	255	1	0
        1	2017-04-06 16:28:41	1	255	1	0
        4	2017-04-07 06:49:15	1	255	1	0
        5	2017-04-07 06:49:21	1	255	1	0
        1	2017-04-07 07:49:54	1	255	1	0
        3	2017-04-07 07:49:57	1	255	1	0
        5	2017-04-07 16:14:06	1	255	1	0
        3	2017-04-07 16:14:12	1	255	1	0
        4	2017-04-07 16:14:15	1	255	1	0
        4	2017-04-10 07:20:43	1	255	1	0
        5	2017-04-10 07:20:47	1	255	1	0
        3	2017-04-10 07:30:29	1	255	1	0
        1	2017-04-10 07:31:47	1	255	1	0
        3	2017-04-10 18:32:50	1	255	1	0
        1	2017-04-10 18:32:53	1	255	1	0
        5	2017-04-10 18:42:23	1	255	1	0
        4	2017-04-10 18:42:28	1	255	1	0
        1	2017-04-11 05:31:41	1	255	1	0
        1	2017-04-11 21:11:46	1	255	1	0
        5	2017-04-12 06:53:47	1	255	1	0
        4	2017-04-12 06:53:51	1	255	1	0
        1	2017-04-12 08:11:01	1	255	1	0
        5	2017-04-12 19:09:48	1	255	1	0
        4	2017-04-12 19:12:32	1	255	1	0
        4	2017-04-13 06:58:51	1	255	1	0
        5	2017-04-13 06:58:57	1	255	1	0
        5	2017-04-13 16:10:38	1	255	1	0
        4	2017-04-13 16:10:41	1	255	1	0
        4	2017-04-14 07:00:07	1	255	1	0
        5	2017-04-14 07:00:12	1	255	1	0
        1	2017-04-14 08:23:11	1	255	1	0
        5	2017-04-14 15:37:44	1	255	1	0
        4	2017-04-14 16:02:47	1	255	1	0
        1	2017-04-17 07:58:28	1	255	1	0
        4	2017-04-17 09:14:21	1	255	1	0
        5	2017-04-17 09:14:25	1	255	1	0
        5	2017-04-17 19:33:55	1	255	1	0
        4	2017-04-17 19:33:58	1	255	1	0
        4	2017-04-18 07:01:55	1	255	1	0
        5	2017-04-18 07:02:06	1	255	1	0
        1	2017-04-18 08:12:43	1	255	1	0
        5	2017-04-18 18:59:58	1	255	1	0
        4	2017-04-18 19:00:05	1	255	1	0
        4	2017-04-19 06:56:02	1	255	1	0
        5	2017-04-19 06:56:06	1	255	1	0
        4	2017-04-19 17:54:26	1	255	1	0
        5	2017-04-19 17:54:36	1	255	1	0
        5	2017-04-20 07:08:02	1	255	1	0
        4	2017-04-20 07:08:05	1	255	1	0
        1	2017-04-20 07:26:49	1	255	1	0
        5	2017-04-20 16:08:50	1	255	1	0
        4	2017-04-20 16:09:26	1	255	1	0
        3	2017-04-21 06:31:52	1	255	1	0
        1	2017-04-21 06:32:34	1	255	1	0
        3	2017-04-21 18:25:22	1	255	1	0
        1	2017-04-21 18:25:58	1	255	1	0
        4	2017-04-24 06:58:24	1	255	1	0
        5	2017-04-24 06:58:30	1	255	1	0
        3	2017-04-24 08:26:59	1	255	1	0
        1	2017-04-24 08:27:03	1	255	1	0
        4	2017-04-24 16:03:07	1	255	1	0
        5	2017-04-24 16:03:13	1	255	1	0
        3	2017-04-24 16:50:12	1	255	1	0
        1	2017-04-25 08:00:13	1	255	1	0
        5	2017-04-25 08:04:45	1	255	1	0
        3	2017-04-25 08:10:00	1	255	1	0
        3	2017-04-25 16:37:43	1	255	1	0
        5	2017-04-26 07:49:19	1	255	1	0
        1	2017-04-26 08:06:28	1	255	1	0
        4	2017-04-26 09:11:25	1	255	1	0
        3	2017-04-26 11:00:50	1	255	1	0
        4	2017-04-26 17:20:31	1	255	1	0
        3	2017-04-26 17:20:51	1	255	1	0
        5	2017-04-27 07:05:52	1	255	1	0
        4	2017-04-27 07:05:57	1	255	1	0
        3	2017-04-27 08:06:23	1	255	1	0
        4	2017-04-27 15:55:22	1	255	1	0
        5	2017-04-27 16:10:58	1	255	1	0
        1	2017-04-27 17:26:10	1	255	1	0
        3	2017-04-27 17:26:16	1	255	1	0
        5	2017-04-28 07:05:45	1	255	1	0
        4	2017-04-28 07:05:48	1	255	1	0
        3	2017-04-28 10:40:06	1	255	1	0
        4	2017-04-28 17:07:41	1	255	1	0
        5	2017-04-28 17:07:47	1	255	1	0
        3	2017-04-28 17:09:19	1	255	1	0
        4	2017-05-02 07:01:02	1	255	1	0
        5	2017-05-02 07:01:05	1	255	1	0
        3	2017-05-02 08:00:06	1	255	1	0
        5	2017-05-02 15:45:32	1	255	1	0
        3	2017-05-02 17:26:56	1	255	1	0
        4	2017-05-02 17:37:44	1	255	1	0
        4	2017-05-03 07:21:05	1	255	1	0
        5	2017-05-03 07:21:08	1	255	1	0
        3	2017-05-03 08:07:47	1	255	1	0
        5	2017-05-03 15:56:52	1	255	1	0
        4	2017-05-03 15:56:55	1	255	1	0
        3	2017-05-03 16:02:14	1	255	1	0
        3	2017-05-04 06:52:52	1	255	1	0
        5	2017-05-04 07:06:54	1	255	1	0
        4	2017-05-04 07:07:00	1	255	1	0
        5	2017-05-04 16:58:20	1	255	1	0
        4	2017-05-04 19:00:13	1	255	1	0
        3	2017-05-04 19:14:07	1	255	1	0
        4	2017-05-05 06:54:51	1	255	1	0
        5	2017-05-05 06:55:09	1	255	1	0
        3	2017-05-05 08:11:27	1	255	1	0
        4	2017-05-05 16:00:59	1	255	1	0
        5	2017-05-10 07:05:18	1	255	1	0
        4	2017-05-10 07:05:22	1	255	1	0
        3	2017-05-10 09:29:44	1	255	1	0
        3	2017-05-10 17:53:15	1	255	1	0
        4	2017-05-10 18:09:53	1	255	1	0
        5	2017-05-10 18:11:15	1	255	1	0
        5	2017-05-11 06:55:05	1	255	1	0
        4	2017-05-11 06:55:08	1	255	1	0
        3	2017-05-11 08:13:11	1	255	1	0
        3	2017-05-11 17:43:51	1	255	1	0
        5	2017-05-11 17:51:02	1	255	1	0
        4	2017-05-11 17:51:14	1	255	1	0
        3	2017-05-12 07:02:57	1	255	1	0
        4	2017-05-12 07:07:08	1	255	1	0
        5	2017-05-12 17:52:25	1	255	1	0
        5	2017-05-12 17:53:27	1	255	1	0
        4	2017-05-12 17:59:50	1	255	1	0
        3	2017-05-12 18:02:24	1	255	1	0
        4	2017-05-13 06:48:40	1	255	1	0
        3	2017-05-13 07:09:05	1	255	1	0
        4	2017-05-13 15:33:32	1	255	1	0
        3	2017-05-13 15:33:46	1	255	1	0
        3	2017-05-14 08:08:31	1	255	1	0
        5	2017-05-14 08:21:19	1	255	1	0
        3	2017-05-14 16:08:31	1	255	1	0
        5	2017-05-14 16:08:35	1	255	1	0
        4	2017-05-15 06:53:54	1	255	1	0
        5	2017-05-15 06:53:58	1	255	1	0
        4	2017-05-15 17:11:40	1	255	1	0
        5	2017-05-15 17:13:13	1	255	1	0
        5	2017-05-16 07:00:50	1	255	1	0
        4	2017-05-16 07:00:55	1	255	1	0
        3	2017-05-16 09:32:24	1	255	1	0
        5	2017-05-16 18:55:48	1	255	1	0
        3	2017-05-16 18:55:53	1	255	1	0
        4	2017-05-16 18:56:24	1	255	1	0
        5	2017-05-17 06:52:15	1	255	1	0
        4	2017-05-17 06:52:37	1	255	1	0
        3	2017-05-17 07:28:40	1	255	1	0
        3	2017-05-17 18:46:15	1	255	1	0
        4	2017-05-17 18:46:19	1	255	1	0
        5	2017-05-17 18:46:22	1	255	1	0
        3	2017-05-18 06:59:28	1	255	1	0
        4	2017-05-18 07:13:10	1	255	1	0
        5	2017-05-18 07:23:39	1	255	1	0
        3	2017-05-18 19:45:15	1	255	1	0
        5	2017-05-18 19:50:37	1	255	1	0
        4	2017-05-18 19:50:46	1	255	1	0
        5	2017-05-19 07:02:21	1	255	1	0
        4	2017-05-19 07:02:37	1	255	1	0
        3	2017-05-19 08:11:14	1	255	1	0
        5	2017-05-19 18:53:39	1	255	1	0
        5	2017-05-19 18:53:49	1	255	1	0
        4	2017-05-19 18:56:44	1	255	1	0
        3	2017-05-19 19:03:48	1	255	1	0
        4	2017-05-20 07:32:29	1	255	1	0
        5	2017-05-20 07:38:11	1	255	1	0
        5	2017-05-20 18:39:23	1	255	1	0
        4	2017-05-20 18:39:30	1	255	1	0
        3	2017-05-20 18:39:37	1	255	1	0
        4	2017-05-22 07:15:18	1	255	1	0
        5	2017-05-22 07:15:22	1	255	1	0
        3	2017-05-22 07:35:09	1	255	1	0
        5	2017-05-22 15:38:21	1	255	1	0
        4	2017-05-22 19:43:47	1	255	1	0
        3	2017-05-22 19:44:04	1	255	1	0
        5	2017-05-23 07:01:52	1	255	1	0
        4	2017-05-23 07:01:56	1	255	1	0
        3	2017-05-23 07:31:36	1	255	1	0
        3	2017-05-23 18:02:50	1	255	1	0
        5	2017-05-23 18:03:01	1	255	1	0
        4	2017-05-23 18:03:14	1	255	1	0
        3	2017-05-24 07:00:16	1	255	1	0
        5	2017-05-24 07:03:25	1	255	1	0
        4	2017-05-24 07:03:35	1	255	1	0
        4	2017-05-24 19:08:09	1	255	1	0
        3	2017-05-24 19:41:00	1	255	1	0
        4	2017-05-25 06:55:56	1	255	1	0
        3	2017-05-25 08:17:51	1	255	1	0
        5	2017-05-25 11:46:37	1	255	1	0
        4	2017-05-25 14:53:35	1	255	1	0
        3	2017-05-25 17:25:05	1	255	1	0
        5	2017-05-25 20:15:54	1	255	1	0
        5	2017-05-26 06:51:12	1	255	1	0
        4	2017-05-26 06:51:24	1	255	1	0
        3	2017-05-26 07:02:59	1	255	1	0
        3	2017-05-26 07:05:17	1	255	1	0
        4	2017-05-26 16:00:27	1	255	1	0
        5	2017-05-26 19:50:29	1	255	1	0
        5	2017-05-26 19:50:37	1	255	1	0
        3	2017-05-26 20:00:28	1	255	1	0
        4	2017-05-27 06:40:42	1	255	1	0
        3	2017-05-27 07:27:51	1	255	1	0
        4	2017-05-27 14:50:38	1	255	1	0
        3	2017-05-27 14:50:41	1	255	1	0
        5	2017-05-29 06:51:17	1	255	1	0
        4	2017-05-29 06:51:31	1	255	1	0
        3	2017-05-29 13:04:48	1	255	1	0
        3	2017-05-29 13:04:54	1	255	1	0
        4	2017-05-29 20:00:35	1	255	1	0
        3	2017-05-29 22:48:38	1	255	1	0
        5	2017-05-29 22:48:45	1	255	1	0
        5	2017-05-30 07:09:35	1	255	1	0
        4	2017-05-30 07:10:41	1	255	1	0
        3	2017-05-30 08:28:47	1	255	1	0
        7	2017-05-30 08:40:01	1	255	1	0
        5	2017-05-30 16:17:45	1	255	1	0
        4	2017-05-30 19:57:25	1	255	1	0
        4	2017-05-31 06:46:23	1	255	1	0
        5	2017-05-31 06:46:26	1	255	1	0
        3	2017-05-31 07:00:59	1	255	1	0
        5	2017-05-31 23:51:22	1	255	1	0
        4	2017-05-31 23:51:40	1	255	1	0
        3	2017-05-31 23:51:43	1	255	1	0
        5	2017-06-01 08:00:33	1	255	1	0
        4	2017-06-01 08:00:37	1	255	1	0
        3	2017-06-01 09:20:31	1	255	1	0
        4	2017-06-01 16:57:11	1	255	1	0
        3	2017-06-01 17:04:31	1	255	1	0
        5	2017-06-02 07:03:03	1	255	1	0
        4	2017-06-02 07:03:12	1	255	1	0
        3	2017-06-02 08:19:16	1	255	1	0
        4	2017-06-02 16:06:07	1	255	1	0
        5	2017-06-02 19:07:15	1	255	1	0
        3	2017-06-02 19:07:18	1	255	1	0
        3	2017-06-05 07:12:30	1	255	1	0
        5	2017-06-05 07:14:34	1	255	1	0
        4	2017-06-05 07:14:38	1	255	1	0
        4	2017-06-05 18:14:33	1	255	1	0
        5	2017-06-05 18:14:37	1	255	1	0
        3	2017-06-05 18:15:16	1	255	1	0
        5	2017-06-06 07:02:48	1	255	1	0
        4	2017-06-06 07:03:08	1	255	1	0
        3	2017-06-06 09:06:44	1	255	1	0
        4	2017-06-06 15:19:05	1	255	1	0
        3	2017-06-06 16:46:46	1	255	1	0
        5	2017-06-06 16:46:50	1	255	1	0
        5	2017-06-07 07:00:04	1	255	1	0
        4	2017-06-07 07:00:11	1	255	1	0
        3	2017-06-07 08:19:31	1	255	1	0
        3	2017-06-07 18:56:36	1	255	1	0
        4	2017-06-07 18:56:44	1	255	1	0
        5	2017-06-07 18:56:48	1	255	1	0
        5	2017-06-08 06:57:55	1	255	1	0
        4	2017-06-08 06:58:09	1	255	1	0
        3	2017-06-08 08:14:41	1	255	1	0
        3	2017-06-08 17:55:52	1	255	1	0
        4	2017-06-08 17:55:59	1	255	1	0
        5	2017-06-08 17:56:05	1	255	1	0
        5	2017-06-09 06:55:58	1	255	1	0
        4	2017-06-09 06:56:02	1	255	1	0
        3	2017-06-09 08:14:35	1	255	1	0
        3	2017-06-09 19:53:53	1	255	1	0
        4	2017-06-09 19:56:45	1	255	1	0
        3	2017-06-09 19:56:48	1	255	1	0
        5	2017-06-09 19:56:53	1	255	1	0
        4	2017-06-13 06:48:15	1	255	1	0
        5	2017-06-13 06:48:18	1	255	1	0
        3	2017-06-13 08:14:24	1	255	1	0
        3	2017-06-13 19:43:01	1	255	1	0
        5	2017-06-13 20:05:13	1	255	1	0
        4	2017-06-13 20:05:15	1	255	1	0
        5	2017-06-14 07:05:33	1	255	1	0
        4	2017-06-14 07:05:39	1	255	1	0
        3	2017-06-14 07:19:17	1	255	1	0
        5	2017-06-14 20:19:29	1	255	1	0
        3	2017-06-14 20:19:36	1	255	1	0
        4	2017-06-14 20:19:38	1	255	1	0
        3	2017-06-15 06:51:24	1	255	1	0
        5	2017-06-15 06:55:46	1	255	1	0
        4	2017-06-15 06:55:53	1	255	1	0
        4	2017-06-15 16:57:36	1	255	1	0
        4	2017-06-16 06:43:45	1	255	1	0
        3	2017-06-16 07:20:59	1	255	1	0
        3	2017-06-16 15:06:55	1	255	1	0
        4	2017-06-16 17:56:39	1	255	1	0
        5	2017-06-16 19:33:01	1	255	1	0
        4	2017-06-17 06:54:46	1	255	1	0
        3	2017-06-17 07:44:03	1	255	1	0
        3	2017-06-17 14:54:36	1	255	1	0
        4	2017-06-17 14:54:40	1	255	1	0
        4	2017-06-18 06:59:39	1	255	1	0
        3	2017-06-18 07:45:14	1	255	1	0
        4	2017-06-18 15:01:39	1	255	1	0
        4	2017-06-19 06:52:05	1	255	1	0
        5	2017-06-19 06:52:10	1	255	1	0
        3	2017-06-19 08:20:49	1	255	1	0
        4	2017-06-19 16:41:47	1	255	1	0
        3	2017-06-19 16:48:40	1	255	1	0
        5	2017-06-19 17:33:13	1	255	1	0
        5	2017-06-20 07:08:01	1	255	1	0
        4	2017-06-20 07:08:05	1	255	1	0
        5	2017-06-20 18:17:44	1	255	1	0
        4	2017-06-20 18:17:50	1	255	1	0
        3	2017-06-21 07:02:52	1	255	1	0
        5	2017-06-21 07:25:00	1	255	1	0
        4	2017-06-21 07:27:45	1	255	1	0
        4	2017-06-21 21:08:59	1	255	1	0
        5	2017-06-21 21:22:43	1	255	1	0
        4	2017-06-22 07:01:09	1	255	1	0
        5	2017-06-22 07:01:13	1	255	1	0
        3	2017-06-22 07:18:08	1	255	1	0
        3	2017-06-22 17:56:52	1	255	1	0
        5	2017-06-22 18:50:08	1	255	1	0
        4	2017-06-22 18:50:27	1	255	1	0
        3	2017-06-23 06:28:30	1	255	1	0
        4	2017-06-23 06:56:09	1	255	1	0
        5	2017-06-23 06:58:59	1	255	1	0
        3	2017-06-23 19:24:59	1	255	1	0
        5	2017-06-24 06:54:04	1	255	1	0
        4	2017-06-24 06:54:08	1	255	1	0
        5	2017-06-24 14:51:58	1	255	1	0
        4	2017-06-24 14:52:01	1	255	1	0
        4	2017-06-25 22:00:05	1	255	1	0
        5	2017-06-26 12:30:04	1	255	1	0
        4	2017-06-27 04:47:00	1	255	1	0
        5	2017-06-27 07:30:49	1	255	1	0
        5	2017-06-27 17:38:59	1	255	1	0
        4	2017-06-28 06:57:00	1	255	1	0
        5	2017-06-28 06:57:04	1	255	1	0
        3	2017-06-28 07:06:18	1	255	1	0
        5	2017-06-28 20:47:10	1	255	1	0
        4	2017-06-28 20:56:20	1	255	1	0
        4	2017-06-28 20:57:36	1	255	1	0
        5	2017-06-29 07:05:23	1	255	1	0
        4	2017-06-29 07:05:27	1	255	1	0
        3	2017-06-29 07:07:52	1	255	1	0
        3	2017-06-29 15:46:56	1	255	1	0
        4	2017-06-29 19:00:54	1	255	1	0
        5	2017-06-29 19:46:16	1	255	1	0
        5	2017-06-30 07:00:54	1	255	1	0
        4	2017-06-30 07:01:03	1	255	1	0
        3	2017-06-30 07:14:32	1	255	1	0
        3	2017-06-30 16:10:29	1	255	1	0
        5	2017-06-30 17:59:51	1	255	1	0
        4	2017-06-30 18:00:10	1	255	1	0
        5	2017-07-01 07:04:31	1	255	1	0
        4	2017-07-01 07:06:02	1	255	1	0
        4	2017-07-01 14:55:48	1	255	1	0
        5	2017-07-01 14:55:51	1	255	1	0
        4	2017-07-02 07:01:50	1	255	1	0
        3	2017-07-02 08:07:25	1	255	1	0
        4	2017-07-02 14:57:49	1	255	1	0
        3	2017-07-02 14:57:53	1	255	1	0
        5	2017-07-03 07:42:40	1	255	1	0
        3	2017-07-03 08:11:11	1	255	1	0
        3	2017-07-03 16:43:12	1	255	1	0
        5	2017-07-03 19:27:22	1	255	1	0
        5	2017-07-04 06:49:32	1	255	1	0
        4	2017-07-04 06:49:35	1	255	1	0
        3	2017-07-04 08:16:31	1	255	1	0
        4	2017-07-04 17:59:49	1	255	1	0
        5	2017-07-04 17:59:55	1	255	1	0
        3	2017-07-04 18:00:06	1	255	1	0
        4	2017-07-05 06:55:57	1	255	1	0
        5	2017-07-05 06:56:01	1	255	1	0
        3	2017-07-05 08:51:28	1	255	1	0
        3	2017-07-05 17:59:07	1	255	1	0
        4	2017-07-05 17:59:42	1	255	1	0
        5	2017-07-05 17:59:49	1	255	1	0
        5	2017-07-06 07:06:58	1	255	1	0
        4	2017-07-06 07:07:33	1	255	1	0
        3	2017-07-06 08:17:30	1	255	1	0
        5	2017-07-06 21:30:02	1	255	1	0
        5	2017-07-07 07:30:21	1	255	1	0
        3	2017-07-07 08:52:32	1	255	1	0
        5	2017-07-07 17:01:51	1	255	1	0
        3	2017-07-07 17:02:00	1	255	1	0
        4	2017-07-10 06:17:26	1	255	1	0
        5	2017-07-10 08:01:41	1	255	1	0
        3	2017-07-10 09:24:23	1	255	1	0
        4	2017-07-10 15:55:29	1	255	1	0
        3	2017-07-10 21:21:51	1	255	1	0
        5	2017-07-10 21:42:14	1	255	1	0
        4	2017-07-11 06:56:47	1	255	1	0
        5	2017-07-11 06:56:54	1	255	1	0
        3	2017-07-11 08:59:31	1	255	1	0
        3	2017-07-11 17:43:08	1	255	1	0
        4	2017-07-11 22:30:58	1	255	1	0
        5	2017-07-11 22:31:41	1	255	1	0
        4	2017-07-12 07:14:01	1	255	1	0
        5	2017-07-12 07:14:18	1	255	1	0
        3	2017-07-12 08:16:04	1	255	1	0
        5	2017-07-12 18:54:12	1	255	1	0
        4	2017-07-12 18:56:22	1	255	1	0
        5	2017-07-13 07:02:30	1	255	1	0
        4	2017-07-13 07:03:12	1	255	1	0
        3	2017-07-13 08:12:08	1	255	1	0
        5	2017-07-13 15:57:46	1	255	1	0
        4	2017-07-13 15:58:02	1	255	1	0
        3	2017-07-13 16:52:51	1	255	1	0
        5	2017-07-14 06:59:58	1	255	1	0
        4	2017-07-14 07:00:03	1	255	1	0
        3	2017-07-14 08:25:21	1	255	1	0
        3	2017-07-14 17:20:48	1	255	1	0
        4	2017-07-14 20:33:43	1	255	1	0
        5	2017-07-14 20:46:08	1	255	1	0
        4	2017-07-15 06:52:52	1	255	1	0
        4	2017-07-15 14:55:18	1	255	1	0
        3	2017-07-17 06:49:31	1	255	1	0
        4	2017-07-17 07:05:10	1	255	1	0
        5	2017-07-17 07:05:16	1	255	1	0
        3	2017-07-17 15:55:36	1	255	1	0
        4	2017-07-17 15:58:03	1	255	1	0
        5	2017-07-17 17:39:08	1	255	1	0
        3	2017-07-18 06:27:39	1	255	1	0
        3	2017-07-18 20:17:27	1	255	1	0
        3	2017-07-19 07:14:19	1	255	1	0
        5	2017-07-19 07:44:24	1	255	1	0
        3	2017-07-19 20:25:31	1	255	1	0
        5	2017-07-19 20:38:56	1	255	1	0
        4	2017-07-20 06:21:48	1	255	1	0
        5	2017-07-20 07:37:22	1	255	1	0
        5	2017-07-20 07:37:30	1	255	1	0
        3	2017-07-20 08:24:38	1	255	1	0
        4	2017-07-20 19:38:21	1	255	1	0
        5	2017-07-20 19:38:25	1	255	1	0
        3	2017-07-20 19:52:09	1	255	1	0
        5	2017-07-21 08:05:17	1	255	1	0
        4	2017-07-21 08:05:25	1	255	1	0
        5	2017-07-21 18:29:37	1	255	1	0
        4	2017-07-21 18:29:42	1	255	1	0
        5	2017-07-22 07:08:39	1	255	1	0
        4	2017-07-22 07:12:22	1	255	1	0
        4	2017-07-22 15:12:04	1	255	1	0
        5	2017-07-22 15:12:06	1	255	1	0
        4	2017-07-23 07:01:17	1	255	1	0
        4	2017-07-23 15:02:20	1	255	1	0
        4	2017-07-24 06:54:09	1	255	1	0
        3	2017-07-24 07:11:33	1	255	1	0
        3	2017-07-24 19:46:38	1	255	1	0
        4	2017-07-24 19:57:54	1	255	1	0
        4	2017-07-25 06:58:09	1	255	1	0
        3	2017-07-25 07:01:05	1	255	1	0
        3	2017-07-25 14:46:53	1	255	1	0
        4	2017-07-25 20:04:46	1	255	1	0
        3	2017-07-26 06:51:34	1	255	1	0
        4	2017-07-26 07:01:58	1	255	1	0
        4	2017-07-26 18:58:16	1	255	1	0
        3	2017-07-26 19:35:54	1	255	1	0
        4	2017-07-27 07:06:09	1	255	1	0
        3	2017-07-27 16:27:41	1	255	1	0
        4	2017-07-27 22:05:59	1	255	1	0
        4	2017-07-28 06:56:44	1	255	1	0
        3	2017-07-28 07:23:13	1	255	1	0
        4	2017-07-28 15:03:47	1	255	1	0
        3	2017-07-28 16:07:26	1	255	1	0
        4	2017-07-29 06:15:51	1	255	1	0
        4	2017-07-29 14:58:55	1	255	1	0
        3	2017-07-30 08:21:19	1	255	1	0
        3	2017-07-30 14:54:12	1	255	1	0
        4	2017-07-31 07:38:40	1	255	1	0
        5	2017-07-31 07:52:24	1	255	1	0
        3	2017-07-31 08:09:40	1	255	1	0
        7	2017-07-31 10:06:26	1	255	1	0
        7	2017-07-31 10:06:32	1	255	1	0
        3	2017-07-31 17:39:40	1	255	1	0
        4	2017-07-31 17:41:50	1	255	1	0
        5	2017-08-01 07:27:06	1	255	1	0
        3	2017-08-01 07:32:38	1	255	1	0
        4	2017-08-01 07:32:45	1	255	1	0
        5	2017-08-01 17:54:33	1	255	1	0
        4	2017-08-01 17:54:40	1	255	1	0
        3	2017-08-01 18:08:55	1	255	1	0
        5	2017-08-02 06:48:17	1	255	1	0
        4	2017-08-02 06:48:21	1	255	1	0
        3	2017-08-02 07:48:31	1	255	1	0
        3	2017-08-02 16:58:17	1	255	1	0
        4	2017-08-02 17:25:10	1	255	1	0
        5	2017-08-02 17:25:14	1	255	1	0
        5	2017-08-03 07:01:31	1	255	1	0
        4	2017-08-03 07:01:39	1	255	1	0
        3	2017-08-03 08:38:51	1	255	1	0
        4	2017-08-03 17:00:28	1	255	1	0
        3	2017-08-03 19:33:58	1	255	1	0
        5	2017-08-03 19:34:55	1	255	1	0
        4	2017-08-04 07:02:26	1	255	1	0
        5	2017-08-04 07:02:35	1	255	1	0
        3	2017-08-04 07:12:37	1	255	1	0
        4	2017-08-04 18:58:25	1	255	1	0
        3	2017-08-04 18:58:57	1	255	1	0
        4	2017-08-07 07:00:13	1	255	1	0
        5	2017-08-07 07:00:23	1	255	1	0
        3	2017-08-07 07:25:20	1	255	1	0
        3	2017-08-07 07:26:19	1	255	1	0
        3	2017-08-07 18:56:22	1	255	1	0
        4	2017-08-07 19:29:25	1	255	1	0
        5	2017-08-08 06:57:11	1	255	1	0
        4	2017-08-08 06:57:16	1	255	1	0
        3	2017-08-08 08:10:18	1	255	1	0
        3	2017-08-08 16:39:00	1	255	1	0
        4	2017-08-08 17:03:12	1	255	1	0
        4	2017-08-09 05:56:38	1	255	1	0
        5	2017-08-09 14:57:24	1	255	1	0
        4	2017-08-09 16:29:18	1	255	1	0
        4	2017-08-10 07:40:13	1	255	1	0
        3	2017-08-10 07:57:35	1	255	1	0
        3	2017-08-10 21:21:25	1	255	1	0
        4	2017-08-10 21:21:56	1	255	1	0
        3	2017-08-11 07:55:05	1	255	1	0
        4	2017-08-11 10:21:48	1	255	1	0
        3	2017-08-11 15:08:35	1	255	1	0
        4	2017-08-11 16:10:42	1	255	1	0
        4	2017-08-14 06:54:14	1	255	1	0
        3	2017-08-14 08:06:44	1	255	1	0
        2	2017-08-14 15:26:52	1	255	1	0
        4	2017-08-14 19:58:59	1	255	1	0
        1	2017-08-14 20:29:17	1	255	1	0
        3	2017-08-14 20:29:33	1	255	1	0
        1	2017-08-15 06:48:55	1	255	1	0
        4	2017-08-15 06:59:21	1	255	1	0
        2	2017-08-15 07:45:49	1	255	1	0
        3	2017-08-15 10:08:40	1	255	1	0
        4	2017-08-15 16:56:02	1	255	1	0
        3	2017-08-15 16:56:08	1	255	1	0
        1	2017-08-15 16:56:12	1	255	1	0
        4	2017-08-16 07:02:22	1	255	1	0
        3	2017-08-16 07:14:23	1	255	1	0
        1	2017-08-16 07:14:42	1	255	1	0
        2	2017-08-16 08:03:25	1	255	1	0
        7	2017-08-16 08:19:04	1	255	1	0
        7	2017-08-16 14:26:17	1	255	1	0
        2	2017-08-16 15:27:38	1	255	1	0
        3	2017-08-16 16:29:29	1	255	1	0
        1	2017-08-16 16:32:56	1	255	1	0
        4	2017-08-16 17:57:00	1	255	1	0
        1	2017-08-17 07:19:09	1	255	1	0
        3	2017-08-17 07:19:26	1	255	1	0
        2	2017-08-17 07:41:14	1	255	1	0
        4	2017-08-17 07:51:45	1	255	1	0
        7	2017-08-17 08:19:38	1	255	1	0
        2	2017-08-17 15:29:10	1	255	1	0
        4	2017-08-17 16:12:32	1	255	1	0
        3	2017-08-17 16:13:11	1	255	1	0
        7	2017-08-17 16:13:17	1	255	1	0
        4	2017-08-18 07:04:23	1	255	1	0
        2	2017-08-18 07:20:13	1	255	1	0
        1	2017-08-18 08:12:43	1	255	1	0
        3	2017-08-18 08:12:56	1	255	1	0
        3	2017-08-18 19:41:31	1	255	1	0
        1	2017-08-18 19:57:26	1	255	1	0
        3	2017-08-18 19:57:31	1	255	1	0
        4	2017-08-18 19:57:34	1	255	1	0
        1	2017-08-19 08:32:49	1	255	1	0
        1	2017-08-19 18:05:18	1	255	1	0
        4	2017-08-21 06:43:34	1	255	1	0
        1	2017-08-21 07:10:22	1	255	1	0
        3	2017-08-21 07:10:24	1	255	1	0
        2	2017-08-21 07:55:11	1	255	1	0
        7	2017-08-21 08:21:51	1	255	1	0
        3	2017-08-21 16:00:31	1	255	1	0
        4	2017-08-21 16:00:36	1	255	1	0
        1	2017-08-21 20:19:09	1	255	1	0
        2	2017-08-22 07:41:58	1	255	1	0
        7	2017-08-22 08:20:58	1	255	1	0
        3	2017-08-22 08:38:56	1	255	1	0
        3	2017-08-22 16:16:34	1	255	1	0
        4	2017-08-22 16:58:37	1	255	1	0
        3	2017-08-23 07:06:10	1	255	1	0
        1	2017-08-23 07:06:34	1	255	1	0
        4	2017-08-23 07:07:53	1	255	1	0
        2	2017-08-23 07:16:37	1	255	1	0
        7	2017-08-23 08:20:31	1	255	1	0
        7	2017-08-23 10:42:20	1	255	1	0
        1	2017-08-23 16:03:08	1	255	1	0
        3	2017-08-23 16:03:11	1	255	1	0
        4	2017-08-23 16:03:24	1	255	1	0
        4	2017-08-24 07:01:01	1	255	1	0
        1	2017-08-24 07:30:34	1	255	1	0
        3	2017-08-24 07:30:51	1	255	1	0
        7	2017-08-24 08:20:53	1	255	1	0
        2	2017-08-24 08:22:25	1	255	1	0
        7	2017-08-24 13:50:30	1	255	1	0
        3	2017-08-24 16:00:47	1	255	1	0
        4	2017-08-24 16:00:51	1	255	1	0
        1	2017-08-24 19:31:46	1	255	1	0
        4	2017-08-25 06:50:50	1	255	1	0
        1	2017-08-25 07:04:21	1	255	1	0
        2	2017-08-25 07:44:59	1	255	1	0
        4	2017-08-25 16:34:41	1	255	1	0
        1	2017-08-25 16:37:35	1	255	1	0
        5	2017-08-28 06:57:46	1	255	1	0
        4	2017-08-28 06:57:51	1	255	1	0
        1	2017-08-28 07:01:41	1	255	1	0
        2	2017-08-28 07:59:04	1	255	1	0
        7	2017-08-28 08:21:04	1	255	1	0
        7	2017-08-28 12:37:52	1	255	1	0
        5	2017-08-28 16:55:50	1	255	1	0
        4	2017-08-28 16:55:53	1	255	1	0
        1	2017-08-28 17:59:03	1	255	1	0
        4	2017-08-29 06:56:41	1	255	1	0
        5	2017-08-29 06:56:53	1	255	1	0
        2	2017-08-29 06:57:06	1	255	1	0
        1	2017-08-29 07:26:31	1	255	1	0
        4	2017-08-29 16:02:09	1	255	1	0
        5	2017-08-29 16:02:13	1	255	1	0
        1	2017-08-29 16:58:55	1	255	1	0
        1	2017-08-30 07:02:33	1	255	1	0
        5	2017-08-30 07:21:12	1	255	1	0
        4	2017-08-30 07:21:18	1	255	1	0
        2	2017-08-30 07:48:34	1	255	1	0
        5	2017-08-30 15:57:55	1	255	1	0
        1	2017-08-30 15:57:58	1	255	1	0
        4	2017-08-30 15:59:00	1	255	1	0
        5	2017-08-31 06:56:06	1	255	1	0
        4	2017-08-31 06:56:09	1	255	1	0
        1	2017-08-31 07:11:22	1	255	1	0
        2	2017-08-31 07:46:51	1	255	1	0
        4	2017-08-31 16:49:37	1	255	1	0
        5	2017-08-31 16:49:49	1	255	1	0
        1	2017-08-31 16:57:04	1	255	1	0
        1	2017-09-01 06:50:50	1	255	1	0
        2	2017-09-01 06:50:58	1	255	1	0
        4	2017-09-01 06:53:35	1	255	1	0
        5	2017-09-01 06:53:39	1	255	1	0
        7	2017-09-01 08:20:50	1	255	1	0
        7	2017-09-01 08:54:39	1	255	1	0
        7	2017-09-01 14:29:54	1	255	1	0
        4	2017-09-01 15:00:17	1	255	1	0
        5	2017-09-01 15:00:25	1	255	1	0
        1	2017-09-01 15:52:34	1	255	1	0
        5	2017-09-04 06:56:34	1	255	1	0
        4	2017-09-04 06:56:38	1	255	1	0
        1	2017-09-04 06:57:07	1	255	1	0
        2	2017-09-04 08:05:30	1	255	1	0
        7	2017-09-04 08:21:08	1	255	1	0
        7	2017-09-04 14:25:33	1	255	1	0
        5	2017-09-04 15:54:10	1	255	1	0
        4	2017-09-04 15:54:23	1	255	1	0
        1	2017-09-04 18:00:38	1	255	1	0
        4	2017-09-05 06:59:26	1	255	1	0
        5	2017-09-05 06:59:31	1	255	1	0
        1	2017-09-05 07:05:56	1	255	1	0
        2	2017-09-05 07:54:39	1	255	1	0
        7	2017-09-05 08:19:12	1	255	1	0
        7	2017-09-05 10:41:00	1	255	1	0
        1	2017-09-05 15:35:14	1	255	1	0
        4	2017-09-05 15:46:15	1	255	1	0
        1	2017-09-06 07:00:29	1	255	1	0
        4	2017-09-06 07:02:04	1	255	1	0
        5	2017-09-06 07:02:25	1	255	1	0
        2	2017-09-06 08:11:20	1	255	1	0
        5	2017-09-06 15:59:06	1	255	1	0
        4	2017-09-06 15:59:30	1	255	1	0
        4	2017-09-07 07:10:19	1	255	1	0
        5	2017-09-07 07:10:30	1	255	1	0
        2	2017-09-07 07:28:47	1	255	1	0
        7	2017-09-07 09:42:51	1	255	1	0
        4	2017-09-07 17:08:37	1	255	1	0
        5	2017-09-07 17:08:42	1	255	1	0
        1	2017-09-07 17:08:44	1	255	1	0
        5	2017-09-08 06:58:25	1	255	1	0
        4	2017-09-08 06:58:28	1	255	1	0
        1	2017-09-08 07:06:29	1	255	1	0
        1	2017-09-08 07:06:44	1	255	1	0
        2	2017-09-08 07:50:51	1	255	1	0
        4	2017-09-08 16:00:45	1	255	1	0
        5	2017-09-08 16:00:49	1	255	1	0
        4	2017-09-11 06:57:10	1	255	1	0
        5	2017-09-11 06:57:25	1	255	1	0
        3	2017-09-11 08:53:31	1	255	1	0
        7	2017-09-11 09:58:35	1	255	1	0
        7	2017-09-11 14:28:39	1	255	1	0
        5	2017-09-11 18:46:32	1	255	1	0
        7	2017-09-12 08:53:15	1	255	1	0
        5	2017-09-12 08:53:37	1	255	1	0
        3	2017-09-12 09:32:32	1	255	1	0
        7	2017-09-12 13:29:50	1	255	1	0
        5	2017-09-12 19:21:43	1	255	1	0
        3	2017-09-12 19:21:48	1	255	1	0
        5	2017-09-13 07:35:40	1	255	1	0
        7	2017-09-13 07:38:53	1	255	1	0
        3	2017-09-13 08:30:40	1	255	1	0
        7	2017-09-13 17:02:29	1	255	1	0
        3	2017-09-13 17:54:41	1	255	1	0
        5	2017-09-13 17:54:44	1	255	1	0
        5	2017-09-14 07:40:24	1	255	1	0
        3	2017-09-14 08:56:40	1	255	1	0
        3	2017-09-14 18:10:02	1	255	1	0
        5	2017-09-14 18:10:09	1	255	1	0
        4	2017-09-15 07:12:37	1	255	1	0
        5	2017-09-15 08:09:19	1	255	1	0
        7	2017-09-15 08:22:09	1	255	1	0
        3	2017-09-15 08:33:50	1	255	1	0
        7	2017-09-15 14:27:08	1	255	1	0
        3	2017-09-15 16:35:53	1	255	1	0
        5	2017-09-15 16:35:57	1	255	1	0
        4	2017-09-15 16:37:37	1	255	1	0
        4	2017-09-16 06:36:25	1	255	1	0
        3	2017-09-16 08:29:51	1	255	1	0
        4	2017-09-16 15:04:12	1	255	1	0
        3	2017-09-16 15:04:16	1	255	1	0
        4	2017-09-17 07:05:26	1	255	1	0
        4	2017-09-17 14:58:50	1	255	1	0
        5	2017-09-18 07:37:05	1	255	1	0
        4	2017-09-18 07:37:08	1	255	1	0
        7	2017-09-18 08:19:03	1	255	1	0
        3	2017-09-18 09:12:31	1	255	1	0
        4	2017-09-18 15:56:49	1	255	1	0
        5	2017-09-18 15:56:54	1	255	1	0
        3	2017-09-18 15:57:01	1	255	1	0
        7	2017-09-18 16:05:34	1	255	1	0
        5	2017-09-19 06:58:02	1	255	1	0
        4	2017-09-19 06:58:15	1	255	1	0
        3	2017-09-19 08:30:04	1	255	1	0
        4	2017-09-19 20:03:34	1	255	1	0
        5	2017-09-19 20:03:48	1	255	1	0
        3	2017-09-19 20:04:31	1	255	1	0
        4	2017-09-20 07:01:49	1	255	1	0
        5	2017-09-20 07:01:57	1	255	1	0
        7	2017-09-20 08:58:14	1	255	1	0
        3	2017-09-20 09:07:02	1	255	1	0
        7	2017-09-20 17:23:52	1	255	1	0
        3	2017-09-20 18:59:17	1	255	1	0
        4	2017-09-20 18:59:27	1	255	1	0
        5	2017-09-20 18:59:38	1	255	1	0
        3	2017-09-21 06:53:24	1	255	1	0
        5	2017-09-21 06:57:54	1	255	1	0
        4	2017-09-21 06:57:57	1	255	1	0
        7	2017-09-21 08:20:11	1	255	1	0
        7	2017-09-21 10:39:59	1	255	1	0
        4	2017-09-21 18:00:59	1	255	1	0
        3	2017-09-21 18:01:14	1	255	1	0
        5	2017-09-21 18:53:14	1	255	1	0
        5	2017-09-21 18:53:21	1	255	1	0
        3	2017-09-22 06:54:56	1	255	1	0
        4	2017-09-22 07:03:13	1	255	1	0
        5	2017-09-22 07:03:26	1	255	1	0
        7	2017-09-22 08:18:41	1	255	1	0
        7	2017-09-22 10:44:16	1	255	1	0
        4	2017-09-22 18:00:09	1	255	1	0
        3	2017-09-22 18:01:36	1	255	1	0
        5	2017-09-22 18:01:37	1	255	1	0
        5	2017-09-23 07:54:00	1	255	1	0
        3	2017-09-23 09:54:20	1	255	1	0
        5	2017-09-23 16:48:38	1	255	1	0
        4	2017-09-24 07:07:25	1	255	1	0
        3	2017-09-24 09:27:17	1	255	1	0
        4	2017-09-24 15:44:13	1	255	1	0
        3	2017-09-24 17:16:05	1	255	1	0
        5	2017-09-25 06:56:13	1	255	1	0
        4	2017-09-25 06:56:16	1	255	1	0
        2	2017-09-25 08:04:10	1	255	1	0
        7	2017-09-25 08:19:05	1	255	1	0
        7	2017-09-25 14:32:03	1	255	1	0
        5	2017-09-26 06:53:41	1	255	1	0
        4	2017-09-26 06:54:02	1	255	1	0
        7	2017-09-26 08:19:30	1	255	1	0
        7	2017-09-26 19:17:47	1	255	1	0
        4	2017-09-27 05:13:56	1	255	1	0
        5	2017-09-27 05:13:58	1	255	1	0
        2	2017-09-27 07:43:22	1	255	1	0
        5	2017-09-28 06:48:34	1	255	1	0
        4	2017-09-28 07:41:44	1	255	1	0
        1	2017-09-28 07:42:05	1	255	1	0
        2	2017-09-28 07:42:26	1	255	1	0
        3	2017-09-28 10:06:32	1	255	1	0
        1	2017-09-28 16:24:12	1	255	1	0
        3	2017-09-28 20:01:41	1	255	1	0
        5	2017-09-28 20:48:07	1	255	1	0
        4	2017-09-28 20:50:49	1	255	1	0
        1	2017-09-29 07:44:40	1	255	1	0
        3	2017-09-29 07:44:50	1	255	1	0
        2	2017-09-29 08:06:37	1	255	1	0
        3	2017-09-29 17:15:08	1	255	1	0
        1	2017-09-29 17:15:11	1	255	1	0
        1	2017-10-02 07:31:56	1	255	1	0
        3	2017-10-02 07:32:11	1	255	1	0
        2	2017-10-02 08:06:21	1	255	1	0
        7	2017-10-02 08:20:43	1	255	1	0
        7	2017-10-02 08:30:51	1	255	1	0
        7	2017-10-02 15:36:28	1	255	1	0
        3	2017-10-02 21:58:36	1	255	1	0
        1	2017-10-02 22:02:11	1	255	1	0
        1	2017-10-03 07:10:30	1	255	1	0
        5	2017-10-03 07:25:40	1	255	1	0
        2	2017-10-03 08:18:51	1	255	1	0
        7	2017-10-03 08:19:41	1	255	1	0
        7	2017-10-03 14:59:08	1	255	1	0
        5	2017-10-03 16:28:36	1	255	1	0
        1	2017-10-03 19:10:35	1	255	1	0
        1	2017-10-04 06:55:17	1	255	1	0
        3	2017-10-04 06:55:35	1	255	1	0
        5	2017-10-04 07:11:33	1	255	1	0
        4	2017-10-04 07:14:05	1	255	1	0
        2	2017-10-04 07:55:05	1	255	1	0
        7	2017-10-04 08:19:33	1	255	1	0
        5	2017-10-04 17:02:17	1	255	1	0
        7	2017-10-04 17:27:25	1	255	1	0
        1	2017-10-04 20:00:27	1	255	1	0
        4	2017-10-04 20:01:23	1	255	1	0
        3	2017-10-04 20:01:26	1	255	1	0
        1	2017-10-05 07:22:44	1	255	1	0
        3	2017-10-05 07:22:51	1	255	1	0
        5	2017-10-05 07:23:35	1	255	1	0
        7	2017-10-05 08:17:47	1	255	1	0
        2	2017-10-05 08:17:53	1	255	1	0
        7	2017-10-05 16:22:01	1	255	1	0
        3	2017-10-05 16:23:05	1	255	1	0
        5	2017-10-05 17:49:29	1	255	1	0
        1	2017-10-05 19:22:26	1	255	1	0
        5	2017-10-06 07:11:25	1	255	1	0
        4	2017-10-06 07:11:36	1	255	1	0
        2	2017-10-06 08:02:18	1	255	1	0
        7	2017-10-06 13:02:19	1	255	1	0
        5	2017-10-06 16:13:35	1	255	1	0
        7	2017-10-06 19:58:37	1	255	1	0
        4	2017-10-06 20:01:37	1	255	1	0
        1	2017-10-06 20:01:41	1	255	1	0
        3	2017-10-06 20:01:45	1	255	1	0
        4	2017-10-07 06:46:12	1	255	1	0
        3	2017-10-07 09:09:48	1	255	1	0
        3	2017-10-07 15:05:50	1	255	1	0
        4	2017-10-07 15:05:54	1	255	1	0
        5	2017-10-09 06:45:20	1	255	1	0
        4	2017-10-09 06:45:24	1	255	1	0
        1	2017-10-09 07:14:55	1	255	1	0
        2	2017-10-09 07:55:21	1	255	1	0
        7	2017-10-09 08:21:31	1	255	1	0
        4	2017-10-09 16:05:29	1	255	1	0
        7	2017-10-09 16:15:39	1	255	1	0
        1	2017-10-09 17:48:33	1	255	1	0
        5	2017-10-09 17:48:37	1	255	1	0
        5	2017-10-10 06:52:38	1	255	1	0
        4	2017-10-10 06:52:42	1	255	1	0
        1	2017-10-10 07:14:40	1	255	1	0
        3	2017-10-10 07:14:51	1	255	1	0
        2	2017-10-10 08:08:02	1	255	1	0
        7	2017-10-10 08:22:19	1	255	1	0
        7	2017-10-10 14:18:53	1	255	1	0
        3	2017-10-10 17:59:10	1	255	1	0
        5	2017-10-10 17:59:14	1	255	1	0
        4	2017-10-10 17:59:18	1	255	1	0
        5	2017-10-11 06:57:45	1	255	1	0
        4	2017-10-11 06:57:51	1	255	1	0
        3	2017-10-11 07:22:52	1	255	1	0
        1	2017-10-11 07:23:14	1	255	1	0
        2	2017-10-11 07:43:15	1	255	1	0
        7	2017-10-11 08:18:39	1	255	1	0
        7	2017-10-11 13:29:30	1	255	1	0
        5	2017-10-11 17:57:09	1	255	1	0
        4	2017-10-11 18:00:21	1	255	1	0
        3	2017-10-11 18:50:36	1	255	1	0
        1	2017-10-11 18:51:20	1	255	1	0
        4	2017-10-12 06:42:38	1	255	1	0
        1	2017-10-12 07:23:45	1	255	1	0
        3	2017-10-12 07:23:49	1	255	1	0
        7	2017-10-12 08:18:25	1	255	1	0
        1	2017-10-12 16:52:59	1	255	1	0
        4	2017-10-12 17:56:37	1	255	1	0
        3	2017-10-12 18:53:37	1	255	1	0
        7	2017-10-12 19:06:04	1	255	1	0
        7	2017-10-12 19:06:06	1	255	1	0
        1	2017-10-13 06:05:59	1	255	1	0
        3	2017-10-13 06:06:03	1	255	1	0
        4	2017-10-13 07:17:17	1	255	1	0
        5	2017-10-13 07:17:24	1	255	1	0
        7	2017-10-13 08:17:52	1	255	1	0
        4	2017-10-13 18:30:43	1	255	1	0
        5	2017-10-13 18:31:26	1	255	1	0
        7	2017-10-13 19:04:58	1	255	1	0
        1	2017-10-13 19:35:29	1	255	1	0
        3	2017-10-13 19:35:48	1	255	1	0
        4	2017-10-14 06:47:47	1	255	1	0
        3	2017-10-14 07:12:18	1	255	1	0
        1	2017-10-14 07:14:18	1	255	1	0
        1	2017-10-14 15:11:06	1	255	1	0
        3	2017-10-14 15:11:08	1	255	1	0
        4	2017-10-14 15:11:11	1	255	1	0
        5	2017-10-15 06:44:11	1	255	1	0
        4	2017-10-15 06:46:10	1	255	1	0
        1	2017-10-15 07:13:06	1	255	1	0
        4	2017-10-15 15:08:16	1	255	1	0
        5	2017-10-15 15:08:55	1	255	1	0
        1	2017-10-15 15:27:00	1	255	1	0
        4	2017-10-16 06:56:41	1	255	1	0
        5	2017-10-16 06:56:45	1	255	1	0
        1	2017-10-16 07:08:48	1	255	1	0
        3	2017-10-16 07:09:02	1	255	1	0
        2	2017-10-16 08:13:14	1	255	1	0
        7	2017-10-16 08:19:18	1	255	1	0
        7	2017-10-16 15:03:38	1	255	1	0
        3	2017-10-16 16:09:49	1	255	1	0
        5	2017-10-16 18:34:47	1	255	1	0
        4	2017-10-16 18:42:14	1	255	1	0
        1	2017-10-16 18:42:26	1	255	1	0
        1	2017-10-17 07:17:20	1	255	1	0
        3	2017-10-17 07:17:22	1	255	1	0
        5	2017-10-17 07:18:08	1	255	1	0
        2	2017-10-17 07:52:27	1	255	1	0
        7	2017-10-17 08:17:13	1	255	1	0
        7	2017-10-17 15:01:42	1	255	1	0
        3	2017-10-17 18:51:39	1	255	1	0
        1	2017-10-17 18:51:45	1	255	1	0
        3	2017-10-18 07:34:27	1	255	1	0
        1	2017-10-18 07:34:30	1	255	1	0
        2	2017-10-18 07:53:21	1	255	1	0
        3	2017-10-18 21:21:16	1	255	1	0
        1	2017-10-18 21:27:38	1	255	1	0
        1	2017-10-19 07:12:33	1	255	1	0
        3	2017-10-19 07:13:09	1	255	1	0
        5	2017-10-19 07:33:20	1	255	1	0
        2	2017-10-19 07:51:58	1	255	1	0
        3	2017-10-19 19:11:17	1	255	1	0
        1	2017-10-19 19:11:20	1	255	1	0
        5	2017-10-20 07:20:12	1	255	1	0
        3	2017-10-20 08:13:49	1	255	1	0
        2	2017-10-20 08:13:54	1	255	1	0
        4	2017-10-21 06:59:05	1	255	1	0
        7	2017-10-21 08:18:46	1	255	1	0
        3	2017-10-21 09:06:11	1	255	1	0
        7	2017-10-21 14:32:23	1	255	1	0
        3	2017-10-21 15:05:47	1	255	1	0
        4	2017-10-21 15:05:50	1	255	1	0
        4	2017-10-22 06:42:33	1	255	1	0
        7	2017-10-22 08:19:01	1	255	1	0
        7	2017-10-22 10:40:38	1	255	1	0
        4	2017-10-22 15:04:12	1	255	1	0
        1	2017-10-23 07:22:38	1	255	1	0
        2	2017-10-23 07:30:17	1	255	1	0
        7	2017-10-23 08:20:04	1	255	1	0
        3	2017-10-23 09:28:20	1	255	1	0
        7	2017-10-23 16:20:12	1	255	1	0
        1	2017-10-23 16:54:23	1	255	1	0
        3	2017-10-23 16:54:30	1	255	1	0
        5	2017-10-24 07:03:18	1	255	1	0
        4	2017-10-24 07:03:24	1	255	1	0
        3	2017-10-24 07:26:55	1	255	1	0
        1	2017-10-24 07:27:18	1	255	1	0
        7	2017-10-24 08:18:54	1	255	1	0
        7	2017-10-24 16:18:42	1	255	1	0
        5	2017-10-24 19:07:14	1	255	1	0
        4	2017-10-24 19:07:19	1	255	1	0
        3	2017-10-24 19:29:50	1	255	1	0
        1	2017-10-24 19:33:07	1	255	1	0
        5	2017-10-25 07:30:50	1	255	1	0
        1	2017-10-25 07:55:58	1	255	1	0
        3	2017-10-25 07:56:06	1	255	1	0
        2	2017-10-25 08:02:53	1	255	1	0
        7	2017-10-25 08:19:39	1	255	1	0
        4	2017-10-25 19:26:53	1	255	1	0
        5	2017-10-25 19:26:57	1	255	1	0
        3	2017-10-25 19:27:10	1	255	1	0
        1	2017-10-25 19:27:51	1	255	1	0
        4	2017-10-26 06:57:28	1	255	1	0
        2	2017-10-26 07:51:49	1	255	1	0
        7	2017-10-26 08:18:01	1	255	1	0
        3	2017-10-26 08:55:43	1	255	1	0
        7	2017-10-26 17:27:54	1	255	1	0
        3	2017-10-26 19:03:16	1	255	1	0
        4	2017-10-26 19:03:18	1	255	1	0
        4	2017-10-27 07:47:47	1	255	1	0
        2	2017-10-27 07:59:48	1	255	1	0
        7	2017-10-27 08:19:06	1	255	1	0
        3	2017-10-27 09:17:07	1	255	1	0
        3	2017-10-27 16:06:58	1	255	1	0
        4	2017-10-27 16:07:23	1	255	1	0
        7	2017-10-27 16:10:00	1	255	1	0
        4	2017-10-28 06:52:15	1	255	1	0
        7	2017-10-28 08:18:34	1	255	1	0
        3	2017-10-28 09:50:13	1	255	1	0
        7	2017-10-28 14:23:20	1	255	1	0
        3	2017-10-28 15:03:02	1	255	1	0
        4	2017-10-28 15:03:05	1	255	1	0
        4	2017-10-29 06:51:59	1	255	1	0
        3	2017-10-29 10:05:06	1	255	1	0
        4	2017-10-29 15:01:15	1	255	1	0
        3	2017-10-29 16:52:19	1	255	1	0
        4	2017-10-30 06:56:29	1	255	1	0
        5	2017-10-30 06:56:36	1	255	1	0
        3	2017-10-30 07:14:36	1	255	1	0
        1	2017-10-30 07:15:33	1	255	1	0
        2	2017-10-30 08:16:39	1	255	1	0
        1	2017-10-30 18:17:25	1	255	1	0
        4	2017-10-30 18:59:46	1	255	1	0
        5	2017-10-30 20:18:57	1	255	1	0
        3	2017-10-30 20:19:05	1	255	1	0
        5	2017-10-31 06:42:41	1	255	1	0
        3	2017-10-31 08:00:39	1	255	1	0
        1	2017-10-31 08:01:33	1	255	1	0
        2	2017-10-31 08:13:50	1	255	1	0
        5	2017-10-31 16:34:01	1	255	1	0
        1	2017-10-31 19:59:36	1	255	1	0
        3	2017-10-31 19:59:46	1	255	1	0
        5	2017-11-01 07:00:26	1	255	1	0
        4	2017-11-01 07:00:30	1	255	1	0
        3	2017-11-01 07:35:48	1	255	1	0
        1	2017-11-01 07:36:51	1	255	1	0
        2	2017-11-01 08:08:11	1	255	1	0
        5	2017-11-01 19:00:39	1	255	1	0
        4	2017-11-01 19:00:41	1	255	1	0
        1	2017-11-01 20:13:48	1	255	1	0
        3	2017-11-01 20:13:53	1	255	1	0
        5	2017-11-02 06:56:37	1	255	1	0
        4	2017-11-02 06:56:43	1	255	1	0
        1	2017-11-02 07:34:57	1	255	1	0
        3	2017-11-02 07:35:03	1	255	1	0
        2	2017-11-02 07:35:12	1	255	1	0
        1	2017-11-02 22:33:47	1	255	1	0
        3	2017-11-02 22:33:54	1	255	1	0
        5	2017-11-02 22:34:01	1	255	1	0
        4	2017-11-02 22:34:07	1	255	1	0
        5	2017-11-03 07:01:23	1	255	1	0
        4	2017-11-03 07:01:27	1	255	1	0
        1	2017-11-03 07:26:58	1	255	1	0
        3	2017-11-03 07:27:05	1	255	1	0
        2	2017-11-03 08:52:13	1	255	1	0
        5	2017-11-03 15:33:11	1	255	1	0
        4	2017-11-03 15:33:16	1	255	1	0
        3	2017-11-03 15:52:42	1	255	1	0
        1	2017-11-03 15:55:18	1	255	1	0
        5	2017-11-07 06:53:41	1	255	1	0
        4	2017-11-07 06:53:55	1	255	1	0
        1	2017-11-07 07:04:44	1	255	1	0
        2	2017-11-07 08:02:42	1	255	1	0
        7	2017-11-07 08:23:24	1	255	1	0
        1	2017-11-07 19:16:47	1	255	1	0
        3	2017-11-07 19:16:54	1	255	1	0
        4	2017-11-07 20:14:17	1	255	1	0
        5	2017-11-07 20:14:24	1	255	1	0
        5	2017-11-08 06:58:12	1	255	1	0
        4	2017-11-08 06:58:17	1	255	1	0
        3	2017-11-08 07:17:35	1	255	1	0
        1	2017-11-08 07:18:33	1	255	1	0
        2	2017-11-08 08:02:55	1	255	1	0
        7	2017-11-08 08:21:41	1	255	1	0
        7	2017-11-08 17:22:01	1	255	1	0
        3	2017-11-08 18:45:01	1	255	1	0
        4	2017-11-08 19:11:14	1	255	1	0
        4	2017-11-09 06:58:26	1	255	1	0
        3	2017-11-09 07:18:30	1	255	1	0
        1	2017-11-09 07:33:11	1	255	1	0
        2	2017-11-09 07:55:35	1	255	1	0
        4	2017-11-09 20:13:20	1	255	1	0
        3	2017-11-09 20:28:08	1	255	1	0
        1	2017-11-09 20:28:48	1	255	1	0
        3	2017-11-10 06:01:45	1	255	1	0
        4	2017-11-10 06:53:50	1	255	1	0
        2	2017-11-10 07:55:39	1	255	1	0
        7	2017-11-10 13:14:38	1	255	1	0
        1	2017-11-10 13:14:57	1	255	1	0
        7	2017-11-10 17:55:12	1	255	1	0
        7	2017-11-10 20:43:09	1	255	1	0
        1	2017-11-10 21:29:35	1	255	1	0
        3	2017-11-10 21:29:38	1	255	1	0
        4	2017-11-10 21:29:49	1	255	1	0
        4	2017-11-11 06:51:15	1	255	1	0
        7	2017-11-11 08:19:21	1	255	1	0
        3	2017-11-11 09:09:26	1	255	1	0
        4	2017-11-11 15:18:52	1	255	1	0
        7	2017-11-11 15:57:32	1	255	1	0
        3	2017-11-11 16:56:26	1	255	1	0
        3	2017-11-12 09:04:08	1	255	1	0
        1	2017-11-12 09:04:16	1	255	1	0
        1	2017-11-12 17:11:35	1	255	1	0
        3	2017-11-12 17:11:52	1	255	1	0
        4	2017-11-13 06:41:23	1	255	1	0
        1	2017-11-13 07:26:07	1	255	1	0
        2	2017-11-13 07:52:34	1	255	1	0
        7	2017-11-13 08:18:42	1	255	1	0
        4	2017-11-13 18:59:53	1	255	1	0
        1	2017-11-13 19:00:59	1	255	1	0
        7	2017-11-13 19:04:24	1	255	1	0
        4	2017-11-14 06:56:21	1	255	1	0
        3	2017-11-14 07:10:49	1	255	1	0
        1	2017-11-14 07:13:29	1	255	1	0
        7	2017-11-14 08:22:29	1	255	1	0
        2	2017-11-14 08:57:52	1	255	1	0
        4	2017-11-14 16:00:53	1	255	1	0
        3	2017-11-14 17:03:58	1	255	1	0
        1	2017-11-14 19:16:31	1	255	1	0
        4	2017-11-15 06:57:11	1	255	1	0
        1	2017-11-15 07:05:47	1	255	1	0
        3	2017-11-15 07:05:58	1	255	1	0
        2	2017-11-15 07:55:32	1	255	1	0
        7	2017-11-15 08:20:14	1	255	1	0
        3	2017-11-15 18:12:54	1	255	1	0
        1	2017-11-15 18:13:17	1	255	1	0
        7	2017-11-15 19:57:32	1	255	1	0
        4	2017-11-15 19:57:53	1	255	1	0
        4	2017-11-16 07:01:19	1	255	1	0
        3	2017-11-16 07:06:37	1	255	1	0
        1	2017-11-16 07:07:25	1	255	1	0
        2	2017-11-16 07:50:48	1	255	1	0
        7	2017-11-16 08:21:27	1	255	1	0
        4	2017-11-16 18:00:25	1	255	1	0
        3	2017-11-16 18:55:05	1	255	1	0
        7	2017-11-16 19:06:38	1	255	1	0
        1	2017-11-16 21:05:07	1	255	1	0
        4	2017-11-17 06:59:07	1	255	1	0
        1	2017-11-17 07:05:56	1	255	1	0
        3	2017-11-17 07:06:05	1	255	1	0
        2	2017-11-17 07:58:45	1	255	1	0
        7	2017-11-17 08:30:12	1	255	1	0
        7	2017-11-17 15:07:23	1	255	1	0
        4	2017-11-17 22:34:24	1	255	1	0
        3	2017-11-17 22:35:47	1	255	1	0
        1	2017-11-17 22:35:49	1	255	1	0
        1	2017-11-17 22:36:00	1	255	1	0
        4	2017-11-18 06:48:01	1	255	1	0
        7	2017-11-18 07:54:23	1	255	1	0
        7	2017-11-18 09:22:10	1	255	1	0
        3	2017-11-18 09:27:48	1	255	1	0
        7	2017-11-18 15:03:04	1	255	1	0
        4	2017-11-18 15:24:35	1	255	1	0
        3	2017-11-18 15:24:47	1	255	1	0
        4	2017-11-19 06:49:53	1	255	1	0
        1	2017-11-19 07:58:57	1	255	1	0
        4	2017-11-19 15:05:37	1	255	1	0
        1	2017-11-19 16:00:03	1	255	1	0
        5	2017-11-20 06:51:16	1	255	1	0
        4	2017-11-20 06:51:24	1	255	1	0
        1	2017-11-20 07:06:36	1	255	1	0
        3	2017-11-20 07:06:42	1	255	1	0
        1	2017-11-20 16:39:39	1	255	1	0
        3	2017-11-20 16:41:24	1	255	1	0
        4	2017-11-20 17:05:12	1	255	1	0
        5	2017-11-20 17:11:05	1	255	1	0
        5	2017-11-21 06:51:56	1	255	1	0
        4	2017-11-21 06:52:04	1	255	1	0
        1	2017-11-21 07:19:45	1	255	1	0
        3	2017-11-21 07:19:51	1	255	1	0
        7	2017-11-21 08:19:25	1	255	1	0
        2	2017-11-21 08:22:54	1	255	1	0
        1	2017-11-21 18:25:47	1	255	1	0
        5	2017-11-21 19:01:04	1	255	1	0
        7	2017-11-21 19:04:22	1	255	1	0
        4	2017-11-21 19:15:26	1	255	1	0
        5	2017-11-22 07:13:06	1	255	1	0
        4	2017-11-22 07:13:15	1	255	1	0
        1	2017-11-22 07:26:18	1	255	1	0
        3	2017-11-22 07:26:35	1	255	1	0
        2	2017-11-22 08:31:07	1	255	1	0
        4	2017-11-22 16:59:28	1	255	1	0
        5	2017-11-22 18:22:54	1	255	1	0
        3	2017-11-22 18:22:56	1	255	1	0
        1	2017-11-22 18:27:37	1	255	1	0
        7	2017-11-22 19:05:18	1	255	1	0
        5	2017-11-23 07:10:00	1	255	1	0
        4	2017-11-23 07:10:17	1	255	1	0
        1	2017-11-23 07:22:56	1	255	1	0
        3	2017-11-23 07:22:59	1	255	1	0
        2	2017-11-23 07:58:06	1	255	1	0
        7	2017-11-23 08:19:49	1	255	1	0
        4	2017-11-23 16:21:27	1	255	1	0
        5	2017-11-23 16:21:32	1	255	1	0
        7	2017-11-23 17:27:54	1	255	1	0
        1	2017-11-23 19:22:14	1	255	1	0
        3	2017-11-23 19:22:37	1	255	1	0
        5	2017-11-24 07:28:53	1	255	1	0
        4	2017-11-24 07:29:03	1	255	1	0
        7	2017-11-24 08:17:38	1	255	1	0
        3	2017-11-24 09:53:14	1	255	1	0
        7	2017-11-24 13:14:31	1	255	1	0
        4	2017-11-24 18:01:09	1	255	1	0
        5	2017-11-24 18:01:38	1	255	1	0
        3	2017-11-24 19:21:25	1	255	1	0
        1	2017-11-25 06:53:54	1	255	1	0
        7	2017-11-25 08:18:13	1	255	1	0
        3	2017-11-25 14:44:13	1	255	1	0
        7	2017-11-25 17:57:21	1	255	1	0
        1	2017-11-25 18:09:46	1	255	1	0
        3	2017-11-25 18:09:58	1	255	1	0
        1	2017-11-26 10:22:42	1	255	1	0
        3	2017-11-26 10:22:45	1	255	1	0
        1	2017-11-26 13:30:15	1	255	1	0
        3	2017-11-26 13:30:22	1	255	1	0
        3	2017-11-26 13:31:00	1	255	1	0
        5	2017-11-27 06:54:10	1	255	1	0
        4	2017-11-27 06:54:15	1	255	1	0
        3	2017-11-27 07:09:41	1	255	1	0
        1	2017-11-27 07:10:00	1	255	1	0
        2	2017-11-27 08:02:43	1	255	1	0
        7	2017-11-27 08:19:55	1	255	1	0
        7	2017-11-27 15:03:24	1	255	1	0
        5	2017-11-27 18:06:56	1	255	1	0
        4	2017-11-27 18:34:55	1	255	1	0
        3	2017-11-27 19:14:04	1	255	1	0
        1	2017-11-27 19:14:33	1	255	1	0
        3	2017-11-27 19:14:49	1	255	1	0
        5	2017-11-28 06:54:58	1	255	1	0
        4	2017-11-28 06:55:05	1	255	1	0
        3	2017-11-28 07:21:53	1	255	1	0
        1	2017-11-28 07:22:25	1	255	1	0
        2	2017-11-28 07:57:46	1	255	1	0
        7	2017-11-28 08:27:50	1	255	1	0
        7	2017-11-28 14:28:16	1	255	1	0
        4	2017-11-28 19:05:45	1	255	1	0
        3	2017-11-28 19:19:47	1	255	1	0
        1	2017-11-28 19:20:08	1	255	1	0
        4	2017-11-29 07:01:14	1	255	1	0
        5	2017-11-29 07:07:15	1	255	1	0
        3	2017-11-29 07:14:05	1	255	1	0
        1	2017-11-29 07:14:43	1	255	1	0
        2	2017-11-29 08:06:41	1	255	1	0
        5	2017-11-29 19:03:47	1	255	1	0
        4	2017-11-29 19:03:53	1	255	1	0
        5	2017-11-29 19:04:01	1	255	1	0
        1	2017-11-29 19:17:01	1	255	1	0
        3	2017-11-29 19:17:19	1	255	1	0
        5	2017-11-30 06:54:39	1	255	1	0
        4	2017-11-30 06:54:48	1	255	1	0
        2	2017-11-30 07:58:53	1	255	1	0
        7	2017-11-30 08:19:27	1	255	1	0
        3	2017-11-30 08:30:39	1	255	1	0
        1	2017-11-30 10:56:01	1	255	1	0
        4	2017-11-30 17:15:00	1	255	1	0
        5	2017-11-30 17:15:17	1	255	1	0
        3	2017-11-30 18:42:05	1	255	1	0
        1	2017-11-30 18:42:10	1	255	1	0
        7	2017-11-30 18:43:04	1	255	1	0
        7	2017-11-30 18:43:12	1	255	1	0
        5	2017-12-01 07:47:52	1	255	1	0
        7	2017-12-01 08:25:52	1	255	1	0
        3	2017-12-01 09:27:38	1	255	1	0
        7	2017-12-01 16:17:17	1	255	1	0
        5	2017-12-01 16:22:53	1	255	1	0
        3	2017-12-01 20:54:36	1	255	1	0
        5	2017-12-04 07:04:19	1	255	1	0
        4	2017-12-04 07:04:22	1	255	1	0
        1	2017-12-04 07:18:11	1	255	1	0
        3	2017-12-04 07:18:25	1	255	1	0
        2	2017-12-04 07:52:43	1	255	1	0
        7	2017-12-04 08:21:55	1	255	1	0
        4	2017-12-04 16:04:22	1	255	1	0
        5	2017-12-04 16:04:27	1	255	1	0
        7	2017-12-04 18:58:40	1	255	1	0
        1	2017-12-04 19:03:02	1	255	1	0
        1	2017-12-04 19:03:07	1	255	1	0
        3	2017-12-04 19:04:13	1	255	1	0
        5	2017-12-05 06:55:36	1	255	1	0
        4	2017-12-05 06:55:42	1	255	1	0
        1	2017-12-05 07:13:08	1	255	1	0
        3	2017-12-05 07:13:12	1	255	1	0
        7	2017-12-05 08:21:00	1	255	1	0
        4	2017-12-05 19:19:23	1	255	1	0
        1	2017-12-05 19:43:13	1	255	1	0
        3	2017-12-05 19:45:08	1	255	1	0
        5	2017-12-06 06:54:49	1	255	1	0
        4	2017-12-06 06:55:01	1	255	1	0
        1	2017-12-06 07:04:57	1	255	1	0
        3	2017-12-06 07:05:03	1	255	1	0
        7	2017-12-06 08:19:19	1	255	1	0
        7	2017-12-06 17:22:04	1	255	1	0
        5	2017-12-06 17:26:21	1	255	1	0
        7	2017-12-06 17:58:49	1	255	1	0
        4	2017-12-06 18:01:42	1	255	1	0
        1	2017-12-06 19:11:43	1	255	1	0
        3	2017-12-06 19:11:53	1	255	1	0
        5	2017-12-07 07:09:36	1	255	1	0
        4	2017-12-07 07:09:39	1	255	1	0
        2	2017-12-07 08:02:41	1	255	1	0
        7	2017-12-07 08:19:38	1	255	1	0
        3	2017-12-07 09:12:46	1	255	1	0
        1	2017-12-07 14:22:54	1	255	1	0
        7	2017-12-07 15:26:10	1	255	1	0
        7	2017-12-07 15:26:12	1	255	1	0
        1	2017-12-07 16:09:16	1	255	1	0
        4	2017-12-07 17:18:37	1	255	1	0
        5	2017-12-07 17:18:43	1	255	1	0
        3	2017-12-07 18:09:34	1	255	1	0
        5	2017-12-08 06:53:15	1	255	1	0
        4	2017-12-08 06:53:41	1	255	1	0
        3	2017-12-08 07:15:50	1	255	1	0
        1	2017-12-08 07:16:04	1	255	1	0
        2	2017-12-08 07:51:43	1	255	1	0
        5	2017-12-08 17:04:28	1	255	1	0
        5	2017-12-08 17:04:32	1	255	1	0
        3	2017-12-08 17:48:51	1	255	1	0
        1	2017-12-08 17:49:18	1	255	1	0
        4	2017-12-08 17:58:00	1	255	1	0
        4	2017-12-09 07:00:13	1	255	1	0
        3	2017-12-09 07:43:41	1	255	1	0
        4	2017-12-09 15:06:36	1	255	1	0
        3	2017-12-09 15:54:45	1	255	1	0
        3	2017-12-09 15:55:26	1	255	1	0
        3	2017-12-10 09:57:30	1	255	1	0
        3	2017-12-10 15:32:15	1	255	1	0
        4	2017-12-11 06:49:32	1	255	1	0
        5	2017-12-11 06:49:38	1	255	1	0
        1	2017-12-11 07:19:42	1	255	1	0
        3	2017-12-11 07:19:48	1	255	1	0
        3	2017-12-11 07:27:34	1	255	1	0
        2	2017-12-11 07:46:32	1	255	1	0
        1	2017-12-11 21:32:50	1	255	1	0
        3	2017-12-11 21:54:01	1	255	1	0
        4	2017-12-11 21:58:53	1	255	1	0
        5	2017-12-11 21:59:01	1	255	1	0
        5	2017-12-12 06:47:52	1	255	1	0
        4	2017-12-12 06:48:37	1	255	1	0
        2	2017-12-12 07:51:32	1	255	1	0
        7	2017-12-12 08:10:47	1	255	1	0
        3	2017-12-12 08:45:42	1	255	1	0
        7	2017-12-12 14:24:55	1	255	1	0
        3	2017-12-12 19:29:04	1	255	1	0
        4	2017-12-12 19:30:18	1	255	1	0
        5	2017-12-12 19:30:23	1	255	1	0
        5	2017-12-13 06:50:43	1	255	1	0
        4	2017-12-13 06:50:49	1	255	1	0
        7	2017-12-13 08:08:11	1	255	1	0
        7	2017-12-13 14:29:36	1	255	1	0
        4	2017-12-13 18:31:37	1	255	1	0
        5	2017-12-13 18:31:54	1	255	1	0
        5	2017-12-14 07:01:12	1	255	1	0
        4	2017-12-14 07:01:19	1	255	1	0
        3	2017-12-14 07:33:39	1	255	1	0
        3	2017-12-14 07:33:41	1	255	1	0
        1	2017-12-14 07:35:23	1	255	1	0
        2	2017-12-14 08:03:52	1	255	1	0
        4	2017-12-14 20:00:00	1	255	1	0
        1	2017-12-14 20:12:19	1	255	1	0
        3	2017-12-14 20:13:05	1	255	1	0
        5	2017-12-15 07:03:54	1	255	1	0
        4	2017-12-15 07:04:04	1	255	1	0
        3	2017-12-15 07:17:24	1	255	1	0
        1	2017-12-15 07:17:30	1	255	1	0
        2	2017-12-15 07:58:29	1	255	1	0
        4	2017-12-15 16:04:24	1	255	1	0
        5	2017-12-15 16:10:41	1	255	1	0
        1	2017-12-15 17:24:54	1	255	1	0
        3	2017-12-15 17:26:52	1	255	1	0
        4	2017-12-18 06:59:36	1	255	1	0
        5	2017-12-18 06:59:40	1	255	1	0
        1	2017-12-18 08:16:35	1	255	1	0
        2	2017-12-18 08:16:54	1	255	1	0
        3	2017-12-18 08:17:13	1	255	1	0
        4	2017-12-18 16:01:11	1	255	1	0
        5	2017-12-18 16:01:20	1	255	1	0
        1	2017-12-18 18:45:05	1	255	1	0
        3	2017-12-18 18:45:12	1	255	1	0
        5	2017-12-19 06:52:25	1	255	1	0
        4	2017-12-19 06:52:29	1	255	1	0
        1	2017-12-19 07:10:53	1	255	1	0
        3	2017-12-19 07:11:02	1	255	1	0
        7	2017-12-19 08:06:07	1	255	1	0
        7	2017-12-19 15:07:03	1	255	1	0
        1	2017-12-19 18:19:44	1	255	1	0
        3	2017-12-19 18:20:04	1	255	1	0
        4	2017-12-19 18:59:13	1	255	1	0
        5	2017-12-19 18:59:20	1	255	1	0
        4	2017-12-20 07:31:48	1	255	1	0
        5	2017-12-20 07:31:53	1	255	1	0
        2	2017-12-20 07:58:48	1	255	1	0
        3	2017-12-20 09:31:20	1	255	1	0
        1	2017-12-20 17:20:26	1	255	1	0
        5	2017-12-20 18:03:16	1	255	1	0
        4	2017-12-20 18:29:34	1	255	1	0
        3	2017-12-20 18:40:16	1	255	1	0
        1	2017-12-20 19:32:38	1	255	1	0
        4	2017-12-21 06:59:33	1	255	1	0
        5	2017-12-21 06:59:44	1	255	1	0
        1	2017-12-21 07:12:21	1	255	1	0
        3	2017-12-21 07:12:26	1	255	1	0
        7	2017-12-21 08:07:52	1	255	1	0
        7	2017-12-21 14:30:49	1	255	1	0
        4	2017-12-21 16:02:37	1	255	1	0
        4	2017-12-22 06:55:39	1	255	1	0
        3	2017-12-22 07:05:37	1	255	1	0
        2	2017-12-22 07:56:53	1	255	1	0
        7	2017-12-22 08:06:13	1	255	1	0
        3	2017-12-22 18:57:01	1	255	1	0
        4	2017-12-22 19:00:12	1	255	1	0
        7	2017-12-22 19:07:29	1	255	1	0
        3	2017-12-23 07:05:08	1	255	1	0
        4	2017-12-23 07:22:27	1	255	1	0
        3	2017-12-23 15:01:02	1	255	1	0
        4	2017-12-23 15:31:39	1	255	1	0
        4	2017-12-24 07:03:48	1	255	1	0
        3	2017-12-24 08:58:27	1	255	1	0
        4	2017-12-24 17:36:28	1	255	1	0
        3	2017-12-24 17:36:33	1	255	1	0
        4	2017-12-25 06:50:09	1	255	1	0
        2	2017-12-25 08:00:14	1	255	1	0
        4	2017-12-25 16:01:00	1	255	1	0
        4	2017-12-26 06:47:50	1	255	1	0
        4	2017-12-26 06:59:03	1	255	1	0
        2	2017-12-26 07:58:32	1	255	1	0
        7	2017-12-26 08:08:23	1	255	1	0
        3	2017-12-26 09:38:39	1	255	1	0
        7	2017-12-26 14:27:21	1	255	1	0
        4	2017-12-26 16:00:19	1	255	1	0
        3	2017-12-26 19:22:08	1	255	1	0
        4	2017-12-27 06:43:09	1	255	1	0
        3	2017-12-27 07:08:14	1	255	1	0
        7	2017-12-27 08:09:32	1	255	1	0
        7	2017-12-27 12:57:16	1	255	1	0
        3	2017-12-27 16:06:15	1	255	1	0
        7	2017-12-27 17:59:13	1	255	1	0
        5	2017-12-28 06:49:22	1	255	1	0
        4	2017-12-28 06:49:26	1	255	1	0
        2	2017-12-28 08:02:12	1	255	1	0
        1	2017-12-28 08:14:12	1	255	1	0
        3	2017-12-28 08:14:20	1	255	1	0
        4	2017-12-28 16:10:54	1	255	1	0
        1	2017-12-28 20:44:17	1	255	1	0
        3	2017-12-28 20:44:23	1	255	1	0
        4	2018-01-08 06:50:44	1	255	1	0
        7	2018-01-08 08:08:36	1	255	1	0
        1	2018-01-08 10:46:22	1	255	1	0
        3	2018-01-08 11:17:06	1	255	1	0
        2	2018-01-08 13:38:59	1	255	1	0
        1	2018-01-08 13:45:25	1	255	1	0
        7	2018-01-08 14:28:00	1	255	1	0
        4	2018-01-08 14:41:09	1	255	1	0
        3	2018-01-08 14:41:12	1	255	1	0
        5	2018-01-09 07:21:13	1	255	1	0
        4	2018-01-09 07:21:17	1	255	1	0
        3	2018-01-09 07:21:22	1	255	1	0
        1	2018-01-09 07:23:11	1	255	1	0
        2	2018-01-09 09:00:05	1	255	1	0
        1	2018-01-09 11:58:09	1	255	1	0
        5	2018-01-09 16:04:35	1	255	1	0
        5	2018-01-09 16:14:00	1	255	1	0
        3	2018-01-09 16:30:16	1	255	1	0
        4	2018-01-09 16:30:23	1	255	1	0
        5	2018-01-10 06:52:25	1	255	1	0
        4	2018-01-10 06:52:32	1	255	1	0
        3	2018-01-10 08:23:52	1	255	1	0
        2	2018-01-10 08:24:02	1	255	1	0
        4	2018-01-10 16:00:39	1	255	1	0
        5	2018-01-10 16:00:43	1	255	1	0
        3	2018-01-10 16:00:55	1	255	1	0
        4	2018-01-11 06:57:59	1	255	1	0
        5	2018-01-11 06:58:02	1	255	1	0
        3	2018-01-11 08:23:21	1	255	1	0
        2	2018-01-11 08:23:51	1	255	1	0
        4	2018-01-11 16:01:17	1	255	1	0
        5	2018-01-11 16:02:00	1	255	1	0
        3	2018-01-11 16:02:21	1	255	1	0
        5	2018-01-12 07:39:32	1	255	1	0
        5	2018-01-12 07:39:35	1	255	1	0
        3	2018-01-12 08:37:48	1	255	1	0
        5	2018-01-12 16:19:15	1	255	1	0
        5	2018-01-12 16:19:24	1	255	1	0
        3	2018-01-12 16:19:36	1	255	1	0
        4	2018-01-15 06:42:20	1	255	1	0
        5	2018-01-15 06:42:25	1	255	1	0
        7	2018-01-15 08:06:10	1	255	1	0
        2	2018-01-15 08:29:51	1	255	1	0
        3	2018-01-15 08:35:15	1	255	1	0
        7	2018-01-15 13:18:51	1	255	1	0
        4	2018-01-15 16:04:32	1	255	1	0
        5	2018-01-15 16:15:08	1	255	1	0
        3	2018-01-15 16:15:40	1	255	1	0
        5	2018-01-15 16:15:42	1	255	1	0
        5	2018-01-16 06:51:48	1	255	1	0
        4	2018-01-16 06:51:56	1	255	1	0
        2	2018-01-16 07:28:00	1	255	1	0
        3	2018-01-16 08:17:39	1	255	1	0
        4	2018-01-16 16:05:38	1	255	1	0
        3	2018-01-16 16:05:49	1	255	1	0
        5	2018-01-16 16:06:07	1	255	1	0
        4	2018-01-17 06:59:02	1	255	1	0
        5	2018-01-17 06:59:15	1	255	1	0
        1	2018-01-17 07:02:52	1	255	1	0
        2	2018-01-17 08:02:10	1	255	1	0
        3	2018-01-17 08:20:47	1	255	1	0
        1	2018-01-17 20:10:28	1	255	1	0
        3	2018-01-17 20:11:08	1	255	1	0
        4	2018-01-17 20:15:46	1	255	1	0
        5	2018-01-17 20:16:03	1	255	1	0
        4	2018-01-18 06:52:01	1	255	1	0
        5	2018-01-18 07:08:07	1	255	1	0
        1	2018-01-18 07:14:12	1	255	1	0
        3	2018-01-18 07:14:16	1	255	1	0
        2	2018-01-18 07:55:05	1	255	1	0
        5	2018-01-18 17:18:07	1	255	1	0
        4	2018-01-18 17:19:19	1	255	1	0
        1	2018-01-18 17:20:37	1	255	1	0
        3	2018-01-18 17:21:58	1	255	1	0
        3	2018-01-18 17:21:59	1	255	1	0
        5	2018-01-19 07:05:59	1	255	1	0
        4	2018-01-19 07:06:05	1	255	1	0
        2	2018-01-19 07:54:07	1	255	1	0
        3	2018-01-19 07:56:07	1	255	1	0
        1	2018-01-19 18:27:31	1	255	1	0
        1	2018-01-19 18:31:08	1	255	1	0
        3	2018-01-19 18:31:13	1	255	1	0
        5	2018-01-19 19:01:33	1	255	1	0
        1	2018-01-22 10:32:31	1	255	1	0
        7	2018-01-22 14:58:01	1	255	1	0
        1	2018-01-22 17:31:55	1	255	1	0
        1	2018-01-23 06:57:44	1	255	1	0
        5	2018-01-23 08:09:51	1	255	1	0
        1	2018-01-23 17:32:22	1	255	1	0
        5	2018-01-24 07:36:29	1	255	1	0
        1	2018-01-24 11:40:37	1	255	1	0
        5	2018-01-24 16:59:56	1	255	1	0
        5	2018-01-24 17:10:44	1	255	1	0
        1	2018-01-25 07:02:52	1	255	1	0
        5	2018-01-25 07:36:29	1	255	1	0
        5	2018-01-25 17:01:34	1	255	1	0
        1	2018-01-25 17:05:11	1	255	1	0
        1	2018-01-26 06:01:32	1	255	1	0
        5	2018-01-26 07:02:23	1	255	1	0
        4	2018-01-26 07:03:12	1	255	1	0
        1	2018-01-26 18:40:35	1	255	1	0
        4	2018-01-26 18:44:01	1	255	1	0
        5	2018-01-26 18:44:31	1	255	1	0
        1	2018-01-29 06:41:02	1	255	1	0
        2	2018-01-29 07:54:52	1	255	1	0
        7	2018-01-29 08:06:47	1	255	1	0
        5	2018-01-29 08:25:21	1	255	1	0
        1	2018-01-29 12:07:46	1	255	1	0
        7	2018-01-29 14:29:56	1	255	1	0
        1	2018-01-29 15:43:55	1	255	1	0
        5	2018-01-29 16:35:15	1	255	1	0
        1	2018-01-30 07:02:20	1	255	1	0
        1	2018-01-30 07:02:22	1	255	1	0
        1	2018-01-30 07:02:29	1	255	1	0
        5	2018-01-30 07:53:55	1	255	1	0
        2	2018-01-30 08:03:11	1	255	1	0
        5	2018-01-30 16:17:15	1	255	1	0
        1	2018-01-31 06:58:06	1	255	1	0
        5	2018-01-31 07:50:37	1	255	1	0
        5	2018-01-31 16:09:10	1	255	1	0
        5	2018-01-31 16:09:14	1	255	1	0
        1	2018-01-31 17:30:45	1	255	1	0
        1	2018-02-01 07:26:08	1	255	1	0
        1	2018-02-01 07:43:17	1	255	1	0
        5	2018-02-01 07:52:58	1	255	1	0
