        5	2017-12-01 07:47:52	1	255	1	0
        7	2017-12-01 08:25:52	1	255	1	0
        3	2017-12-01 09:27:38	1	255	1	0
        7	2017-12-01 16:17:17	1	255	1	0
        5	2017-12-01 16:22:53	1	255	1	0
        3	2017-12-01 20:54:36	1	255	1	0
        5	2017-12-04 07:04:19	1	255	1	0
        4	2017-12-04 07:04:22	1	255	1	0
        1	2017-12-04 07:18:11	1	255	1	0
        3	2017-12-04 07:18:25	1	255	1	0
        2	2017-12-04 07:52:43	1	255	1	0
        7	2017-12-04 08:21:55	1	255	1	0
        4	2017-12-04 16:04:22	1	255	1	0
        5	2017-12-04 16:04:27	1	255	1	0
        7	2017-12-04 18:58:40	1	255	1	0
        1	2017-12-04 19:03:02	1	255	1	0
        1	2017-12-04 19:03:07	1	255	1	0
        3	2017-12-04 19:04:13	1	255	1	0
        4	2017-12-05 06:55:42	1	255	1	0
        1	2017-12-05 07:13:08	1	255	1	0
        3	2017-12-05 07:13:12	1	255	1	0
        4	2017-12-05 19:19:23	1	255	1	0
        1	2017-12-05 19:43:13	1	255	1	0
        3	2017-12-05 19:45:08	1	255	1	0
        5	2017-12-06 06:54:49	1	255	1	0
        4	2017-12-06 06:55:01	1	255	1	0
        1	2017-12-06 07:04:57	1	255	1	0
        3	2017-12-06 07:05:03	1	255	1	0
        7	2017-12-06 08:19:19	1	255	1	0
        7	2017-12-06 17:22:04	1	255	1	0
        5	2017-12-06 17:26:21	1	255	1	0
        7	2017-12-06 17:58:49	1	255	1	0
        4	2017-12-06 18:01:42	1	255	1	0
        1	2017-12-06 19:11:43	1	255	1	0
        3	2017-12-06 19:11:53	1	255	1	0
        5	2017-12-07 07:09:36	1	255	1	0
        4	2017-12-07 07:09:39	1	255	1	0
        2	2017-12-07 08:02:41	1	255	1	0
        7	2017-12-07 08:19:38	1	255	1	0
        3	2017-12-07 09:12:46	1	255	1	0
        1	2017-12-07 14:22:54	1	255	1	0
        7	2017-12-07 15:26:10	1	255	1	0
        7	2017-12-07 15:26:12	1	255	1	0
        1	2017-12-07 16:09:16	1	255	1	0
        4	2017-12-07 17:18:37	1	255	1	0
        5	2017-12-07 17:18:43	1	255	1	0
        3	2017-12-07 18:09:34	1	255	1	0
        5	2017-12-08 06:53:15	1	255	1	0
        4	2017-12-08 06:53:41	1	255	1	0
        3	2017-12-08 07:15:50	1	255	1	0
        1	2017-12-08 07:16:04	1	255	1	0
        2	2017-12-08 07:51:43	1	255	1	0
        5	2017-12-08 17:04:28	1	255	1	0
        5	2017-12-08 17:04:32	1	255	1	0
        3	2017-12-08 17:48:51	1	255	1	0
        1	2017-12-08 17:49:18	1	255	1	0
        4	2017-12-08 17:58:00	1	255	1	0
        4	2017-12-09 07:00:13	1	255	1	0
        3	2017-12-09 07:43:41	1	255	1	0
        4	2017-12-09 15:06:36	1	255	1	0
        3	2017-12-09 15:54:45	1	255	1	0
        3	2017-12-09 15:55:26	1	255	1	0
        3	2017-12-10 09:57:30	1	255	1	0
        3	2017-12-10 15:32:15	1	255	1	0
        4	2017-12-11 06:49:32	1	255	1	0
        5	2017-12-11 06:49:38	1	255	1	0
        1	2017-12-11 07:19:42	1	255	1	0
        3	2017-12-11 07:19:48	1	255	1	0
        3	2017-12-11 07:27:34	1	255	1	0
        2	2017-12-11 07:46:32	1	255	1	0
        1	2017-12-11 21:32:50	1	255	1	0
        3	2017-12-11 21:54:01	1	255	1	0
        4	2017-12-11 21:58:53	1	255	1	0
        5	2017-12-11 21:59:01	1	255	1	0
        5	2017-12-12 06:47:52	1	255	1	0
        4	2017-12-12 06:48:37	1	255	1	0
        2	2017-12-12 07:51:32	1	255	1	0
        7	2017-12-12 08:10:47	1	255	1	0
        3	2017-12-12 08:45:42	1	255	1	0
        7	2017-12-12 14:24:55	1	255	1	0
        3	2017-12-12 19:29:04	1	255	1	0
        4	2017-12-12 19:30:18	1	255	1	0
        5	2017-12-12 19:30:23	1	255	1	0
        5	2017-12-13 06:50:43	1	255	1	0
        4	2017-12-13 06:50:49	1	255	1	0
        7	2017-12-13 08:08:11	1	255	1	0
        7	2017-12-13 14:29:36	1	255	1	0
        4	2017-12-13 18:31:37	1	255	1	0
        5	2017-12-13 18:31:54	1	255	1	0
        4	2017-12-14 07:01:19	1	255	1	0
        1	2017-12-14 07:35:23	1	255	1	0
        2	2017-12-14 08:03:52	1	255	1	0
        4	2017-12-14 20:00:00	1	255	1	0
        1	2017-12-14 20:12:19	1	255	1	0
        5	2017-12-15 07:03:54	1	255	1	0
        4	2017-12-15 07:04:04	1	255	1	0
        3	2017-12-15 07:17:24	1	255	1	0
        1	2017-12-15 07:17:30	1	255	1	0
        2	2017-12-15 07:58:29	1	255	1	0
        4	2017-12-15 16:04:24	1	255	1	0
        5	2017-12-15 16:10:41	1	255	1	0
        1	2017-12-15 17:24:54	1	255	1	0
        3	2017-12-15 17:26:52	1	255	1	0
        4	2017-12-18 06:59:36	1	255	1	0
        5	2017-12-18 06:59:40	1	255	1	0
        1	2017-12-18 08:16:35	1	255	1	0
        2	2017-12-18 08:16:54	1	255	1	0
        3	2017-12-18 08:17:13	1	255	1	0
        4	2017-12-18 16:01:11	1	255	1	0
        5	2017-12-18 16:01:20	1	255	1	0
        1	2017-12-18 18:45:05	1	255	1	0
        3	2017-12-18 18:45:12	1	255	1	0
        5	2017-12-19 06:52:25	1	255	1	0
        4	2017-12-19 06:52:29	1	255	1	0
        1	2017-12-19 07:10:53	1	255	1	0
        3	2017-12-19 07:11:02	1	255	1	0
        7	2017-12-19 08:06:07	1	255	1	0
        7	2017-12-19 15:07:03	1	255	1	0
        1	2017-12-19 18:19:44	1	255	1	0
        3	2017-12-19 18:20:04	1	255	1	0
        4	2017-12-19 18:59:13	1	255	1	0
        5	2017-12-19 18:59:20	1	255	1	0
        4	2017-12-20 07:31:48	1	255	1	0
        5	2017-12-20 07:31:53	1	255	1	0
        2	2017-12-20 07:58:48	1	255	1	0
        3	2017-12-20 09:31:20	1	255	1	0
        1	2017-12-20 17:20:26	1	255	1	0
        5	2017-12-20 18:03:16	1	255	1	0
        4	2017-12-20 18:29:34	1	255	1	0
        3	2017-12-20 18:40:16	1	255	1	0
        1	2017-12-20 19:32:38	1	255	1	0
        4	2017-12-21 06:59:33	1	255	1	0
        7	2017-12-21 08:07:52	1	255	1	0
        7	2017-12-21 14:30:49	1	255	1	0
        4	2017-12-21 16:02:37	1	255	1	0
        4	2017-12-22 06:55:39	1	255	1	0
        3	2017-12-22 07:05:37	1	255	1	0
        2	2017-12-22 07:56:53	1	255	1	0
        7	2017-12-22 08:06:13	1	255	1	0
        3	2017-12-22 18:57:01	1	255	1	0
        4	2017-12-22 19:00:12	1	255	1	0
        7	2017-12-22 19:07:29	1	255	1	0
        3	2017-12-23 07:05:08	1	255	1	0
        4	2017-12-23 07:22:27	1	255	1	0
        3	2017-12-23 15:01:02	1	255	1	0
        4	2017-12-23 15:31:39	1	255	1	0
        4	2017-12-24 07:03:48	1	255	1	0
        3	2017-12-24 08:58:27	1	255	1	0
        4	2017-12-24 17:36:28	1	255	1	0
        3	2017-12-24 17:36:33	1	255	1	0
        4	2017-12-25 06:50:09	1	255	1	0
        2	2017-12-25 08:00:14	1	255	1	0
        4	2017-12-25 16:01:00	1	255	1	0
        4	2017-12-26 06:47:50	1	255	1	0
        4	2017-12-26 06:59:03	1	255	1	0
        2	2017-12-26 07:58:32	1	255	1	0
        7	2017-12-26 08:08:23	1	255	1	0
        3	2017-12-26 09:38:39	1	255	1	0
        7	2017-12-26 14:27:21	1	255	1	0
        4	2017-12-26 16:00:19	1	255	1	0
        3	2017-12-26 19:22:08	1	255	1	0
        7	2017-12-27 08:09:32	1	255	1	0
        7	2017-12-27 12:57:16	1	255	1	0
