        1	2017-12-19 16:01:20	1	255	1	0
        1	2017-12-19 18:45:05	1	255	1	0
        1	2017-12-19 18:45:12	1	255	1	0
        2	2017-12-19 06:52:25	1	255	1	0
        2	2017-12-19 05:52:29	1	255	1	0
        3	2017-12-19 07:10:53	1	255	1	0
        3	2017-12-19 07:11:02	1	255	1	0
        4	2017-12-19 08:06:07	1	255	1	0
        1	2017-11-16 16:01:20	1	255	1	0
        1	2017-11-16 18:45:05	1	255	1	0
        1	2017-11-16 18:45:12	1	255	1	0
        2	2017-11-16 06:52:25	1	255	1	0
        2	2017-11-16 05:52:29	1	255	1	0
        3	2017-11-16 07:10:53	1	255	1	0
        3	2017-11-16 07:11:02	1	255	1	0
        4	2017-11-16 08:06:07	1	255	1	0